0.333359
0.265320
0.120758
0.038925
-0.016586
-0.071152
-0.137009
-0.206985
-0.290329
-0.388046
-0.519196
-0.710083
-0.855484
-0.916458
-0.965393
-0.988129
-0.987183
-0.955627
-0.866516
-0.790222
-0.788513
-0.804962
-0.875092
-0.865311
-0.819794
-0.773987
-0.734604
-0.728821
-0.780655
-0.714767
-0.652817
-0.595688
-0.564316
-0.562225
-0.635162
-0.550369
-0.529099
-0.553558
-0.641586
-0.566086
-0.548706
-0.557251
-0.600845
-0.707840
-0.646606
-0.647018
-0.649765
-0.665359
-0.709290
-0.797424
-0.974289
-1.012009
-0.991821
-0.984070
-0.965561
-0.945938
-0.913849
-0.878494
-0.839706
-0.804672
-0.766495
-0.719482
-0.667999
-0.624283
-0.578308
-0.529663
-0.489822
-0.450287
-0.413040
-0.380844
-0.369278
-0.377060
-0.420715
-0.536728
-0.407684
-0.411545
-0.448257
-0.545547
-0.427765
-0.399017
-0.371017
-0.338257
-0.317108
-0.297974
-0.274948
-0.264679
-0.253204
-0.240341
-0.225632
-0.214249
-0.195145
-0.170807
-0.136246
-0.066345
-0.340912
-0.288345
-0.058350
-0.072662
-0.050491
-0.034103
-0.020294
-0.011154
-0.016068
-0.037628
-0.090057
-0.211884
-0.101425
-0.103333
-0.111801
-0.123154
-0.145020
-0.183090
-0.243225
-0.357407
-0.281433
-0.172043
-0.196655
-0.208466
-0.215652
-0.214569
-0.198624
-0.154297
-0.050751
-0.078796
-0.079605
-0.080566
-0.081741
-0.083115
-0.084717
-0.086563
-0.088684
-0.091064
-0.093735
-0.096664
-0.099838
-0.103119
-0.112228
-0.122894
-0.129730
-0.137268
-0.145615
-0.160812
-0.161316
-0.161926
-0.162674
-0.163574
-0.164673
-0.166016
-0.167664
-0.169708
-0.172333
-0.169861
-0.172424
-0.175735
-0.174225
-0.172348
-0.169922
-0.172623
-0.170242
-0.172989
-0.170654
-0.173401
-0.176849
-0.175430
-0.179382
-0.178650
-0.177734
-0.176498
-0.180679
-0.180267
-0.179733
-0.179031
-0.178085
-0.182617
-0.182617
-0.182617
-0.182617
-0.182617
-0.182617
-0.182617
-0.182617
-0.182617
-0.182617
-0.182617
-0.182617
-0.182617
-0.182617
-0.182617
-0.182617
-0.182617
-0.182617
-0.182617
-0.182617
-0.182617
-0.182617
-0.182617
-0.182617
-0.182617
-0.182617
-0.182617
-0.182617
-0.182602
-0.182602
-0.182587
-0.182571
-0.182541
-0.182510
-0.182495
-0.182449
-0.182388
-0.182312
-0.182236
-0.182129
-0.181976
-0.181808
-0.181595
-0.181335
-0.181015
-0.180618
-0.180130
-0.179550
-0.178848
-0.177994
-0.176926
-0.175598
-0.173859
-0.177460
-0.176300
-0.174896
-0.173126
-0.170883
-0.173828
-0.171906
-0.169540
-0.166580
-0.162781
-0.163681
-0.164764
-0.166077
-0.167694
-0.169662
-0.172150
-0.175308
-0.173615
-0.171432
-0.174484
-0.172668
-0.170441
-0.167664
-0.164139
-0.165405
-0.167084
-0.163483
-0.164734
-0.160553
-0.160980
-0.161530
-0.162170
-0.162964
-0.163940
-0.165176
-0.166733
-0.168762
-0.165680
-0.161743
-0.162445
-0.163330
-0.164398
-0.165695
-0.167282
-0.169281
-0.171799
-0.169189
-0.171570
-0.174500
-0.178238
-0.177216
-0.175873
-0.179932
-0.179352
-0.178635
-0.177734
-0.176605
-0.175079
-0.178879
-0.177872
-0.182327
-0.182251
-0.182129
-0.181992
-0.181839
-0.181641
-0.181412
-0.181122
-0.180756
-0.180344
-0.179840
-0.179214
-0.178467
-0.177551
-0.176437
-0.175018
-0.173203
-0.176666
-0.175339
-0.173691
-0.171570
-0.174606
-0.172684
-0.176010
-0.174484
-0.172470
-0.175598
-0.179581
-0.178894
-0.178040
-0.176971
-0.175552
-0.179504
-0.178802
-0.177887
-0.176666
-0.180862
-0.180466
-0.179977
-0.179382
-0.178665
-0.177795
-0.176697
-0.175323
-0.173553
-0.177048
-0.175751
-0.174072
-0.177704
-0.176590
-0.175186
-0.173370
-0.176834
-0.175491
-0.173767
-0.177322
-0.176163
-0.174728
-0.172928
-0.170609
-0.173447
-0.171234
-0.174194
-0.172165
-0.175354
-0.173599
-0.177155
-0.175964
-0.174500
-0.172653
-0.170288
-0.173035
-0.170731
-0.173553
-0.171310
-0.174149
-0.177734
-0.176468
-0.180634
-0.180176
-0.179642
-0.178986
-0.178192
-0.177216
-0.176025
-0.174530
-0.172607
-0.175919
-0.174408
-0.172455
-0.175735
-0.174164
-0.172119
-0.175293
-0.173523
-0.177017
-0.175705
-0.173935
-0.177383
-0.181747
-0.181549
-0.181305
-0.181015
-0.180679
-0.180252
-0.179733
-0.179108
-0.178299
-0.177292
-0.175964
-0.180023
-0.179443
-0.178741
-0.177856
-0.176727
-0.175247
-0.179108
-0.178238
-0.177094
-0.181366
-0.181061
-0.180695
-0.180237
-0.179703
-0.179031
-0.178238
-0.177261
-0.176071
-0.174606
-0.172775
-0.170380
-0.173065
-0.176498
-0.175171
-0.173523
-0.171478
-0.168854
-0.171280
-0.168564
-0.170822
-0.173691
-0.171570
-0.174637
-0.172775
-0.170349
-0.172943
-0.176178
-0.180283
-0.179764
-0.179138
-0.178391
-0.177475
-0.176346
-0.174957
-0.173203
-0.170929
-0.173721
-0.177307
-0.176132
-0.174637
-0.172653
-0.175827
-0.179871
-0.179260
-0.178513
-0.177551
-0.176270
-0.180405
-0.179901
-0.179276
-0.178482
-0.177399
-0.181763
-0.181564
-0.181305
-0.181000
-0.180649
-0.180206
-0.179657
-0.178970
-0.178085
-0.176926
-0.181198
-0.180878
-0.180496
-0.180023
-0.179474
-0.178802
-0.177979
-0.176956
-0.175705
-0.174118
-0.172028
-0.175064
-0.178909
-0.178040
-0.176865
-0.181122
-0.180801
-0.180389
-0.179901
-0.179291
-0.178497
-0.177414
-0.181778
-0.181595
-0.181366
-0.181076
-0.180740
-0.180328
-0.179810
-0.179169
-0.178329
-0.177216
-0.181534
-0.181305
-0.181000
-0.180649
-0.180222
-0.179703
-0.179062
-0.178253
-0.177231
-0.175888
-0.179916
-0.179321
-0.178574
-0.177628
-0.176361
-0.180496
-0.180023
-0.179443
-0.178726
-0.177811
-0.176575
-0.180756
-0.180359
-0.179855
-0.179230
-0.178467
-0.177490
-0.176208
-0.180313
-0.179810
-0.179199
-0.178452
-0.177505
-0.176331
-0.174774
-0.178543
-0.177582
-0.176300
-0.180420
-0.179916
-0.179321
-0.178543
-0.177567
-0.176285
-0.180405
-0.179901
-0.179291
-0.178543
-0.177628
-0.176468
-0.174942
-0.178772
-0.177933
-0.176880
-0.175568
-0.173859
-0.177475
-0.176346
-0.174957
-0.173203
-0.170929
-0.173798
-0.171616
-0.174545
-0.178253
-0.177200
-0.175842
-0.179855
-0.179245
-0.178497
-0.177582
-0.176468
-0.175064
-0.173248
-0.176697
-0.175354
-0.173615
-0.177185
-0.176010
-0.174561
-0.172745
-0.170425
-0.173187
-0.170883
-0.173615
-0.176987
-0.181274
-0.181000
-0.180634
-0.180206
-0.179642
-0.178909
-0.177933
-0.182404
-0.182358
-0.182281
-0.182190
-0.182098
-0.181961
-0.181808
-0.181625
-0.181412
-0.181137
-0.180801
-0.180405
-0.179916
-0.179321
-0.178574
-0.177612
-0.176361
-0.180496
-0.180054
-0.179474
-0.178757
-0.177841
-0.176636
-0.180847
-0.180450
-0.179962
-0.179382
-0.178635
-0.177689
-0.176437
-0.180588
-0.180130
-0.179565
-0.178864
-0.177948
-0.176743
-0.180954
-0.180588
-0.180115
-0.179565
-0.178894
-0.178070
-0.177032
-0.175751
-0.174072
-0.177704
-0.176620
-0.175232
-0.173447
-0.176956
-0.175690
-0.174072
-0.171982
-0.175003
-0.178864
-0.178040
-0.177048
-0.175797
-0.174225
-0.172150
-0.175201
-0.179092
-0.178314
-0.177322
-0.176102
-0.174484
-0.178177
-0.177109
-0.175705
-0.179688
-0.179016
-0.178177
-0.177124
-0.175735
-0.179733
-0.179092
-0.178329
-0.177383
-0.176254
-0.174866
-0.173157
-0.171021
-0.168243
-0.170395
-0.173096
-0.176559
-0.175262
-0.173630
-0.171585
-0.168915
-0.171188
-0.173965
-0.177429
-0.181793
-0.181610
-0.181396
-0.181107
-0.180786
-0.180374
-0.179871
-0.179230
-0.178421
-0.177322
-0.181686
-0.181473
-0.181213
-0.180893
-0.180511
-0.180054
-0.179474
-0.178772
-0.177917
-0.176849
-0.175476
-0.173660
-0.177032
-0.181305
-0.181000
-0.180618
-0.180161
-0.179611
-0.178940
-0.178131
-0.177124
-0.175903
-0.174362
-0.172379
-0.175644
-0.174042
-0.171997
-0.175186
-0.173492
-0.171310
-0.174286
-0.172272
-0.175476
-0.173752
-0.177322
-0.176147
-0.174667
-0.172729
-0.176010
-0.174408
-0.178116
-0.177109
-0.175812
-0.174133
-0.177719
-0.176468
-0.180634
-0.180206
-0.179657
-0.179001
-0.178192
-0.177200
-0.175980
-0.174408
-0.172363
-0.175430
-0.179352
-0.178619
-0.177704
-0.176590
-0.175171
-0.173340
-0.176788
-0.175430
-0.173676
-0.177246
-0.176056
-0.174622
-0.172867
-0.170654
-0.167877
-0.170105
-0.167175
-0.169235
-0.166061
-0.167709
-0.169739
-0.172256
-0.175491
-0.173859
-0.171753
-0.174820
-0.172943
-0.176346
-0.174942
-0.173172
-0.170868
-0.173630
-0.177124
-0.175751
-0.179779
-0.179169
-0.178436
-0.177521
-0.176422
-0.175064
-0.173355
-0.171143
-0.174072
-0.171967
-0.174957
-0.178726
-0.177704
-0.182129
-0.182007
-0.181854
-0.181671
-0.181458
-0.181168
-0.180832
-0.180420
-0.179916
-0.179291
-0.178528
-0.177551
-0.176254
-0.180359
-0.179840
-0.179214
-0.178467
-0.177536
-0.176407
-0.174973
-0.173126
-0.176559
-0.175201
-0.173508
-0.171341
-0.174377
-0.172485
-0.170074
-0.172760
-0.170349
-0.172989
-0.176315
-0.174759
-0.178558
-0.177658
-0.176575
-0.175262
-0.173615
-0.171570
-0.168884
-0.171173
-0.174026
-0.177673
-0.176559
-0.175171
-0.173386
-0.176880
-0.175583
-0.173965
-0.171875
-0.174957
-0.173096
-0.176483
-0.175018
-0.173096
-0.176331
-0.180435
-0.179947
-0.179337
-0.178619
-0.177734
-0.176682
-0.175385
-0.173782
-0.171799
-0.169250
-0.171783
-0.169235
-0.171753
-0.169144
-0.171570
-0.174652
-0.172821
-0.170456
-0.173157
-0.176575
-0.175171
-0.173294
-0.176620
-0.180817
-0.180435
-0.179962
-0.179382
-0.178680
-0.177811
-0.176697
-0.175232
-0.179108
-0.178284
-0.177155
-0.181473
-0.181229
-0.180908
-0.180527
-0.180054
-0.179459
-0.178696
-0.177643
-0.182053
-0.181915
-0.181747
-0.181534
-0.181274
-0.180969
-0.180603
-0.180145
-0.179596
-0.178925
-0.178101
-0.177094
-0.175812
-0.174149
-0.177811
-0.176727
-0.175369
-0.173569
-0.177048
-0.175644
-0.179626
-0.178970
-0.178177
-0.177216
-0.176025
-0.174561
-0.172699
-0.170273
-0.172852
-0.176056
-0.180145
-0.179596
-0.178955
-0.178146
-0.177170
-0.175949
-0.174393
-0.172363
-0.175476
-0.179428
-0.178726
-0.177841
-0.176727
-0.175278
-0.179169
-0.178391
-0.177383
-0.176056
-0.180130
-0.179581
-0.178879
-0.178040
-0.176956
-0.175522
-0.179489
-0.178772
-0.177887
-0.176788
-0.175323
-0.179260
-0.178528
-0.177628
-0.176559
-0.175201
-0.173508
-0.171295
-0.174194
-0.177887
-0.176849
-0.175598
-0.173996
-0.171921
-0.175018
-0.173126
-0.176392
-0.180527
-0.180069
-0.179474
-0.178696
-0.177658
-0.182068
-0.181931
-0.181763
-0.181564
-0.181320
-0.181015
-0.180664
-0.180237
-0.179718
-0.179092
-0.178329
-0.177383
-0.176208
-0.174713
-0.172745
-0.175934
-0.179993
-0.179428
-0.178726
-0.177872
-0.176804
-0.175430
-0.173615
-0.176987
-0.181274
-0.180984
-0.180618
-0.180176
-0.179642
-0.178986
-0.178192
-0.177216
-0.175964
-0.174316
-0.177948
-0.176773
-0.181015
-0.180649
-0.180222
-0.179688
-0.179031
-0.178207
-0.177155
-0.175766
-0.179749
-0.179062
-0.178177
-0.177002
-0.181244
-0.180893
-0.180481
-0.179993
-0.179382
-0.178650
-0.177765
-0.176697
-0.175415
-0.173859
-0.171906
-0.169495
-0.166382
-0.168137
-0.170349
-0.173203
-0.171127
-0.168549
-0.165222
-0.166687
-0.168457
-0.170639
-0.173340
-0.176758
-0.175293
-0.179184
-0.178391
-0.177368
-0.176025
-0.180069
-0.179489
-0.178772
-0.177917
-0.176865
-0.175552
-0.173904
-0.171753
-0.174713
-0.178497
-0.177597
-0.176514
-0.175186
-0.173569
-0.171570
-0.169083
-0.165878
-0.167511
-0.169540
-0.172119
-0.169586
-0.172073
-0.175217
-0.173416
-0.176849
-0.175430
-0.179382
-0.178665
-0.177795
-0.176697
-0.175323
-0.173523
-0.176987
-0.175552
-0.179489
-0.178772
-0.177826
-0.176590
-0.180786
-0.180374
-0.179871
-0.179276
-0.178543
-0.177658
-0.176590
-0.175293
-0.173691
-0.171677
-0.169052
-0.171432
-0.174454
-0.172485
-0.175735
-0.174057
-0.177689
-0.176529
-0.175003
-0.178787
-0.177765
-0.182220
-0.182114
-0.181992
-0.181839
-0.181641
-0.181412
-0.181137
-0.180786
-0.180359
-0.179855
-0.179214
-0.178436
-0.177444
-0.176132
-0.180237
-0.179703
-0.179077
-0.178299
-0.177368
-0.176208
-0.174744
-0.172852
-0.176224
-0.174759
-0.172867
-0.176224
-0.174744
-0.172806
-0.176086
-0.174438
-0.178085
-0.176880
-0.181122
-0.180756
-0.180328
-0.179794
-0.179169
-0.178406
-0.177460
-0.176331
-0.174927
-0.173187
-0.170944
-0.173889
-0.171906
-0.169342
-0.171799
-0.174957
-0.173248
-0.171127
-0.168365
-0.170532
-0.173264
-0.176743
-0.175430
-0.173782
-0.171631
-0.174576
-0.178314
-0.177322
-0.175995
-0.180069
-0.179520
-0.178848
-0.177994
-0.176926
-0.175522
-0.179459
-0.178711
-0.177673
-0.182114
-0.182007
-0.181870
-0.181702
-0.181503
-0.181259
-0.180969
-0.180603
-0.180161
-0.179581
-0.178848
-0.177841
-0.182312
-0.182236
-0.182144
-0.182022
-0.181885
-0.181717
-0.181519
-0.181274
-0.180969
-0.180618
-0.180161
-0.179626
-0.178955
-0.178070
-0.176895
-0.181168
-0.180847
-0.180466
-0.179993
-0.179398
-0.178665
-0.177734
-0.176483
-0.180664
-0.180237
-0.179703
-0.179031
-0.178177
-0.177032
-0.181320
-0.181015
-0.180664
-0.180237
-0.179718
-0.179077
-0.178299
-0.177322
-0.176102
-0.174484
-0.178146
-0.176987
-0.181259
-0.180954
-0.180588
-0.180145
-0.179611
-0.178955
-0.178146
-0.177139
-0.175858
-0.174194
-0.177811
-0.176590
-0.180786
-0.180374
-0.179901
-0.179291
-0.178558
-0.177658
-0.176498
-0.174973
-0.178787
-0.177872
-0.176666
-0.180862
-0.180466
-0.179993
-0.179398
-0.178680
-0.177750
-0.176514
-0.180695
-0.180283
-0.179794
-0.179184
-0.178436
-0.177521
-0.176392
-0.174973
-0.173096
-0.176468
-0.174911
-0.178665
-0.177612
-0.182022
-0.181870
-0.181686
-0.181473
-0.181198
-0.180862
-0.180466
-0.179977
-0.179382
-0.178665
-0.177765
-0.176636
-0.175156
-0.179031
-0.178238
-0.177277
-0.176102
-0.174606
-0.172684
-0.176010
-0.174500
-0.172531
-0.175797
-0.174133
-0.177811
-0.176727
-0.175369
-0.173599
-0.177094
-0.175705
-0.179733
-0.179108
-0.178314
-0.177307
-0.175980
-0.180054
-0.179489
-0.178772
-0.177856
-0.176636
-0.180847
-0.180450
-0.179947
-0.179337
-0.178528
-0.177460
-0.181824
-0.181641
-0.181412
-0.181137
-0.180801
-0.180420
-0.179932
-0.179352
-0.178650
-0.177780
-0.176712
-0.175369
-0.173630
-0.177155
-0.175903
-0.174240
-0.177872
-0.176666
-0.180878
-0.180496
-0.180023
-0.179428
-0.178650
-0.177612
-0.182037
-0.181900
-0.181732
-0.181534
-0.181274
-0.180984
-0.180618
-0.180176
-0.179626
-0.178940
-0.178055
-0.176865
-0.181107
-0.180756
-0.180344
-0.179840
-0.179214
-0.178421
-0.177414
-0.176102
-0.180191
-0.179657
-0.179001
-0.178207
-0.177246
-0.176056
-0.174545
-0.172607
-0.175888
-0.174240
-0.177948
-0.176926
-0.175613
-0.173920
-0.177536
-0.176376
-0.174850
-0.178650
-0.177719
-0.176498
-0.180679
-0.180252
-0.179718
-0.179016
-0.178055
-0.182571
-0.182556
-0.182526
-0.182510
-0.182480
-0.182449
-0.182404
-0.182343
-0.182281
-0.182205
-0.182129
-0.182022
-0.181885
-0.181717
-0.181519
-0.181274
-0.180984
-0.180603
-0.180161
-0.179581
-0.178848
-0.177826
-0.182297
-0.182205
-0.182098
-0.181976
-0.181808
-0.181625
-0.181396
-0.181107
-0.180756
-0.180359
-0.179840
-0.179230
-0.178482
-0.177551
-0.176407
-0.174942
-0.173019
-0.176254
-0.180374
-0.179871
-0.179276
-0.178528
-0.177628
-0.176529
-0.175125
-0.173325
-0.176788
-0.175476
-0.173752
-0.177322
-0.176147
-0.174652
-0.172729
-0.176010
-0.174393
-0.178711
-0.179382
-0.181320
-0.192520
-0.208069
-0.239456
-0.294281
-0.384445
-0.504013
-0.660065
-0.852600
-1.091934
-1.416504
-1.912064
-2.760071
-4.297531
-6.865082
-10.493530
-14.882339
-19.553040
-24.021652
-27.952591
-31.171379
-33.662430
-35.537033
-36.943764
-38.020012
-38.882256
-39.612404
-40.276451
-40.012650
-39.746849
-39.506508
-39.260223
-38.999733
-38.790413
-38.654778
-38.655640
-38.649918
-38.201439
-38.057648
-37.785988
-36.877823
-36.336136
-36.204353
-36.306488
-37.376724
-37.002434
-36.663315
-36.298676
-35.927589
-35.523048
-34.589355
-34.120369
-33.723595
-33.336929
-32.953278
-31.088882
-30.303734
-29.476837
-28.581894
-27.679214
-26.674545
-25.642014
-24.563889
-23.476738
-22.447906
-21.335342
-20.304153
-19.295090
-18.402481
-17.504959
-16.661545
-15.893311
-15.046356
-14.335190
-13.719086
-13.523575
-10.950668
-9.983292
-9.009537
-7.996124
-6.595673
-5.797653
-4.896027
-4.120056
-3.217911
-2.144699
-1.087524
0.369919
2.623581
4.616791
7.334442
10.977066
14.162766
17.229568
19.517563
21.011444
21.660767
22.074692
22.361221
22.169418
21.432983
20.872223
20.173523
19.475281
18.820084
18.262299
17.952637
17.812286
17.755722
17.925186
18.392868
19.110519
19.971329
20.836349
21.608704
22.206726
22.712326
23.070450
23.206879
23.131851
22.875259
22.489334
22.047180
21.434540
20.578842
19.675705
18.715973
17.627777
16.495377
15.474716
14.640488
13.965027
13.406952
12.877060
12.219986
11.389343
10.440323
9.451324
8.463364
7.429855
6.491318
5.740952
4.927582
4.401062
3.901260
3.384888
2.902985
2.561386
2.151596
1.845825
1.478867
1.010330
0.652939
0.231583
-0.155228
-0.697769
-1.172058
-1.786301
-2.254684
-2.753784
-3.249115
-3.795410
-4.433533
-5.050873
-5.746368
-6.452728
-7.202484
-7.909958
-8.510895
-9.296844
-9.946518
-10.551208
-11.119263
-11.655457
-12.238647
-12.704285
-13.212952
-13.821625
-14.569641
-15.501480
-16.635468
-18.073212
-19.566666
-21.074493
-22.490593
-23.734726
-24.785934
-25.682838
-26.429672
-27.009819
-27.445290
-27.752083
-27.992294
-28.103355
-28.127869
-28.066467
-27.920578
-27.599304
-27.254333
-26.851852
-26.380692
-25.656624
-24.591148
-22.837067
-20.757477
-20.119614
-19.681198
-19.295761
-19.374710
-17.571442
-15.619293
-14.762085
-13.829376
-13.186462
-12.624008
-12.244064
-11.259354
-10.930710
-10.234055
-9.908890
-9.515320
-8.914520
-8.359802
-7.849213
-7.386307
-6.977081
-6.580505
-6.207108
-5.747116
-5.316895
-4.912613
-4.520340
-4.118149
-3.818085
-3.546280
-3.355225
-3.187500
-2.980667
-2.784882
-2.637253
-2.403244
-2.277298
-2.053406
-1.805496
-1.513779
-1.208267
-0.881531
-0.460007
-0.002090
0.591431
0.831696
1.027222
1.190430
1.308716
1.454636
1.630707
1.917023
1.910202
1.901108
1.783493
1.503632
1.517349
1.569077
1.692139
1.455978
1.486664
1.586899
1.480103
1.290054
1.300079
1.134811
1.144119
1.069992
0.993317
0.903229
0.792587
0.674438
0.542908
0.416214
0.256989
0.084274
-0.103378
-0.381119
-0.598633
-0.775101
-1.014511
-1.359833
-1.815628
-2.269699
-2.665298
-3.175613
-3.510910
-3.820740
-4.240387
-4.513977
-4.919464
-5.093460
-5.381378
-5.683121
-5.988770
-6.282791
-6.579575
-6.830795
-7.082687
-7.288681
-7.431763
-7.847733
-7.919220
-8.023911
-8.131775
-8.234940
-8.397385
-8.461090
-8.447205
-8.515594
-8.591232
-8.675064
-8.807907
-8.890152
-8.907730
-8.873657
-8.861664
-8.917526
-8.958115
-8.980606
-8.987122
-8.957367
-8.905426
-8.775009
-8.584488
-8.306091
-7.926712
-7.467987
-7.031952
-6.673645
-6.439041
-6.466324
-6.294907
-6.358200
-6.248169
-6.364685
-6.499741
-6.353058
-6.300003
-6.496613
-6.732941
-6.615707
-6.501312
-6.418869
-6.388916
-6.657318
-6.573135
-6.500580
-6.440033
-6.371826
-6.314972
-6.250641
-6.202087
-6.147598
-6.086655
-6.040939
-6.013107
-5.989441
-5.987961
-6.011459
-6.259216
-5.922241
-5.914078
-5.904984
-5.894928
-5.883789
-5.871506
-5.857910
-5.842896
-5.826279
-5.807983
-5.787933
-5.766174
-5.737854
-5.706955
-5.673553
-5.637909
-5.600449
-5.561935
-5.523636
-5.487640
-5.457458
-5.439270
-5.444748
-5.511597
-5.646347
-5.694489
-5.865814
-5.865799
-5.865784
-5.865753
-5.865707
-5.865662
-5.865585
-5.865509
-5.865402
-5.865265
-5.865112
-5.864914
-5.864670
-5.864380
-5.864029
-5.863617
-5.863098
-5.862488
-5.861740
-5.860809
-5.859680
-5.858231
-5.861420
-5.860458
-5.859299
-5.857880
-5.856049
-5.858734
-5.857056
-5.859879
-5.863419
-5.862900
-5.862274
-5.861465
-5.860428
-5.864090
-5.863724
-5.863266
-5.862686
-5.861893
-5.865860
-5.865860
-5.865860
-5.865860
-5.865860
-5.865860
-5.865860
-5.865845
-5.865845
-5.865845
-5.865814
-5.865799
-5.865784
-5.865738
-5.865707
-5.865646
-5.865585
-5.865509
-5.865402
-5.865280
-5.865128
-5.864944
-5.864716
-5.864456
-5.864120
-5.863724
-5.863251
-5.862686
-5.861984
-5.861130
-5.860077
-5.858734
-5.862015
-5.861191
-5.860153
-5.858810
-5.862106
-5.861267
-5.860168
-5.863754
-5.863297
-5.862732
-5.862015
-5.861069
-5.864853
-5.864639
-5.864365
-5.864044
-5.863647
-5.863174
-5.862595
-5.861862
-5.860901
-5.864655
-5.864395
-5.864090
-5.863724
-5.863251
-5.862656
-5.861847
-5.865799
-5.865753
-5.865723
-5.865662
-5.865601
-5.865540
-5.865433
-5.865326
-5.865173
-5.865005
-5.864792
-5.864532
-5.864227
-5.863831
-5.863373
-5.862839
-5.862198
-5.861404
-5.860458
-5.859314
-5.857880
-5.856018
-5.858627
-5.861862
-5.860901
-5.864655
-5.864395
-5.864090
-5.863724
-5.863266
-5.862686
-5.861893
-5.865860
-5.865860
-5.865860
-5.865860
-5.865860
-5.865860
-5.865860
-5.865860
-5.865860
-5.865860
-5.865860
-5.865860
-5.865860
-5.865860
-5.865860
-5.865845
-5.865845
-5.865845
-5.865829
-5.865814
-5.865799
-5.865784
-5.865753
-5.865707
-5.865677
-5.865631
-5.865570
-5.865494
-5.865417
-5.865295
-5.865173
-5.865005
-5.864807
-5.864563
-5.864288
-5.863937
-5.863525
-5.863007
-5.862350
-5.861481
-5.865341
-5.865219
-5.865067
-5.864868
-5.864639
-5.864380
-5.864044
-5.863663
-5.863190
-5.862640
-5.861954
-5.861130
-5.860092
-5.858704
-5.861893
-5.865860
-5.865860
-5.865860
-5.865860
-5.865845
-5.865845
-5.865845
-5.865829
-5.865814
-5.865799
-5.865784
-5.865753
-5.865707
-5.865677
-5.865631
-5.865570
-5.865494
-5.865417
-5.865311
-5.865189
-5.865036
-5.864868
-5.864655
-5.864395
-5.864090
-5.863724
-5.863266
-5.862686
-5.861893
-5.865860
-5.865860
-5.865860
-5.865860
-5.865860
-5.865860
-5.865860
-5.865860
-5.865860
-5.865860
-5.865860
-5.865860
-5.865860
-5.865860
-5.865860
-5.865860
-5.865860
-5.865860
-5.865860
-5.865860
-5.865860
-5.865860
-5.865860
-5.865860
-5.865845
-5.865845
-5.865845
-5.865829
-5.865814
-5.865799
-5.865784
-5.865753
-5.865707
-5.865677
-5.865631
-5.865570
-5.865494
-5.865417
-5.865311
-5.865189
-5.865036
-5.864868
-5.864655
-5.864395
-5.864090
-5.863724
-5.863266
-5.862686
-5.861893
-5.865860
-5.865860
-5.865860
-5.865860
-5.865860
-5.865860
-5.865860
-5.865860
-5.865860
-5.865860
-5.865860
-5.865860
-5.865860
-5.865860
-5.865860
-5.865860
-5.865860
-5.865860
-5.865860
-5.865860
-5.865845
-5.865845
-5.865829
-5.865814
-5.865799
-5.865768
-5.865738
-5.865677
-5.865616
-5.865540
-5.865433
-5.865311
-5.865173
-5.864975
-5.864761
-5.864487
-5.864151
-5.863754
-5.863266
-5.862701
-5.862000
-5.861176
-5.860138
-5.858887
-5.857285
-5.860260
-5.859039
-5.857468
-5.860504
-5.859344
-5.857834
-5.860916
-5.859756
-5.863266
-5.862686
-5.861893
-5.865860
-5.865860
-5.865860
-5.865860
-5.865860
-5.865845
-5.865845
-5.865845
-5.865829
-5.865814
-5.865799
-5.865768
-5.865738
-5.865692
-5.865646
-5.865585
-5.865509
-5.865417
-5.865295
-5.865173
-5.865005
-5.864807
-5.864578
-5.864288
-5.863937
-5.863525
-5.863037
-5.862411
-5.861633
-5.860611
-5.864304
-5.863983
-5.863571
-5.863083
-5.862457
-5.861603
-5.865494
-5.865417
-5.865295
-5.865173
-5.865005
-5.864807
-5.864594
-5.864304
-5.863983
-5.863571
-5.863083
-5.862457
-5.861603
-5.865494
-5.865417
-5.865311
-5.865189
-5.865036
-5.864868
-5.864655
-5.864395
-5.864090
-5.863724
-5.863266
-5.862686
-5.861893
-5.865860
-5.865845
-5.865845
-5.865845
-5.865829
-5.865814
-5.865799
-5.865784
-5.865753
-5.865707
-5.865677
-5.865631
-5.865570
-5.865494
-5.865417
-5.865311
-5.865189
-5.865036
-5.864868
-5.864655
-5.864395
-5.864090
-5.863708
-5.863251
-5.862640
-5.861847
-5.865799
-5.865784
-5.865753
-5.865707
-5.865677
-5.865631
-5.865570
-5.865494
-5.865417
-5.865311
-5.865189
-5.865036
-5.864868
-5.864655
-5.864395
-5.864075
-5.863708
-5.863235
-5.862625
-5.861801
-5.865753
-5.865707
-5.865662
-5.865616
-5.865540
-5.865448
-5.865356
-5.865234
-5.865082
-5.864899
-5.864685
-5.864410
-5.864105
-5.863724
-5.863266
-5.862732
-5.862061
-5.861221
-5.860123
-5.863724
-5.863266
-5.862671
-5.861877
-5.865845
-5.865829
-5.865814
-5.865799
-5.865784
-5.865753
-5.865707
-5.865677
-5.865631
-5.865570
-5.865494
-5.865417
-5.865311
-5.865189
-5.865036
-5.864853
-5.864639
-5.864380
-5.864075
-5.863693
-5.863220
-5.862610
-5.861801
-5.865753
-5.865707
-5.865677
-5.865631
-5.865570
-5.865494
-5.865402
-5.865280
-5.865158
-5.864975
-5.864777
-5.864532
-5.864243
-5.863876
-5.863449
-5.862930
-5.862244
-5.861343
-5.865189
-5.865021
-5.864822
-5.864594
-5.864319
-5.863983
-5.863571
-5.863098
-5.862518
-5.861801
-5.860916
-5.859756
-5.863266
-5.861633
-5.856674
-5.853973
-5.840790
-5.816147
-5.774033
-5.709564
-5.628845
-5.556747
-5.533722
-5.617218
-5.903366
-6.573029
-7.890549
-10.016449
-12.911911
-16.373901
-20.087631
-23.729225
-27.051109
-29.912720
-32.277763
-34.178810
-35.686249
-36.878548
-37.829964
-38.606949
-39.267273
-39.860489
-40.430603
-40.263237
-40.119858
-39.788422
-39.660057
-39.599670
-39.587494
-39.560989
-39.457787
-39.391983
-39.506897
-39.515793
-39.405731
-39.250481
-39.077919
-38.827408
-38.653160
-38.423119
-38.213417
-37.965485
-37.710915
-37.426064
-37.110573
-36.835754
-36.522881
-36.197708
-35.867500
-35.580841
-35.338997
-35.179718
-34.966972
-33.892166
-33.500397
-32.317749
-31.651115
-30.889633
-30.084297
-29.132561
-28.134560
-26.975632
-25.698654
-24.456818
-23.144760
-22.051819
-20.727859
-19.550339
-18.487625
-17.546265
-16.736267
-15.794937
-14.697632
-13.316330
-12.283325
-11.238419
-10.276047
-9.351044
-8.469177
-7.472443
-6.648163
-5.715607
-4.966553
-4.132050
-3.329788
-2.480698
-1.375870
0.497635
2.719208
5.327469
9.033127
11.455246
15.258286
18.752701
20.684753
23.103668
24.118988
24.984421
24.883606
24.757858
24.506653
24.193222
23.977997
23.644730
23.511810
23.340958
23.255310
23.491455
23.916260
24.445602
25.147522
26.045715
26.882614
27.561340
28.037308
28.498306
28.797592
29.004913
29.077652
29.101822
28.913818
28.651642
28.232132
27.586334
26.758865
25.779266
24.913574
24.039230
23.113388
22.196640
21.419220
20.820648
20.382782
19.946320
19.359024
18.697006
18.015869
17.357880
16.725204
16.134277
15.556870
14.960571
14.266266
13.423523
12.432861
11.495621
10.560715
9.649200
8.753922
7.916595
7.185318
6.540710
5.930969
5.390198
4.957794
4.547150
4.306290
4.036987
3.712021
3.322449
2.920624
2.446518
1.990891
1.641373
1.240448
0.731476
0.371689
-0.038376
-0.494827
-1.082779
-1.483902
-1.829208
-2.133057
-2.354904
-2.909698
-3.235931
-3.509354
-3.764618
-3.984894
-4.192169
-4.378769
-4.552551
-4.715515
-4.925934
-5.203110
-5.194595
-5.479889
-5.522537
-5.607635
-5.568115
-5.504730
-5.725845
-5.746460
-5.760574
-5.732376
-5.695694
-5.614578
-5.764099
-5.818054
-5.905487
-6.001740
-6.097961
-6.177444
-6.160446
-6.337463
-6.602478
-6.687378
-6.950089
-7.312195
-7.499481
-7.589142
-7.812607
-8.052414
-8.309830
-8.576828
-8.838913
-9.073578
-9.267822
-9.347961
-9.511261
-9.701141
-9.972076
-10.146866
-10.291229
-10.395004
-10.468918
-10.496384
-10.481674
-10.407974
-10.256256
-10.012817
-9.643021
-8.996536
-8.015869
-7.271927
-7.133240
-6.970306
-6.850616
-6.745239
-6.636658
-6.567932
-6.507309
-6.437164
-6.350876
-6.097137
-6.000320
-5.852631
-5.560257
-5.338028
-5.203400
-5.076660
-4.908859
-4.644073
-4.412918
-4.249619
-3.980789
-3.859451
-3.631348
-3.409225
-3.185226
-2.924194
-2.680298
-2.449997
-2.242874
-2.033432
-1.801224
-1.561722
-1.311752
-1.000458
-0.586380
-0.485519
-0.498688
-0.202621
0.196442
0.224854
0.622787
0.616516
0.944244
1.367355
1.467834
1.458176
1.824265
1.811279
2.161987
2.237640
2.287491
2.310150
2.297882
2.272614
2.222168
2.158234
2.096100
2.081970
1.901093
1.869766
1.694778
1.672379
1.619858
1.528809
1.599258
1.616409
1.563354
1.634003
1.817184
1.996033
2.126083
2.188232
2.095383
2.130341
2.174194
2.227722
2.282471
2.341064
2.398560
2.446213
2.477371
2.473343
2.402328
2.600906
2.625656
2.633224
2.611847
2.543915
2.394516
2.510117
2.462936
2.412994
2.345016
2.266373
2.191849
2.124191
2.069733
2.046951
2.081512
1.952438
1.863037
1.772705
1.683090
1.583923
1.492584
1.396484
1.312729
1.248016
1.246292
1.142288
1.026138
0.900375
0.786118
0.694016
0.630478
0.656891
0.694336
0.603745
0.477554
0.355591
0.245407
0.157425
0.089432
0.066360
0.117172
0.102249
0.051987
0.012817
-0.035934
-0.082901
-0.158173
-0.293610
-0.288620
-0.282730
-0.275238
-0.267944
-0.264084
-0.275986
-0.313278
-0.414978
-0.360870
-0.330414
-0.297623
-0.263779
-0.230850
-0.220703
-0.224625
-0.274643
-0.394653
-0.343231
-0.357544
-0.389603
-0.465698
-0.606323
-0.624939
-0.668884
-0.718262
-0.767593
-0.821503
-0.873596
-0.920532
-0.955978
-0.966690
-0.915451
-0.905563
-0.956863
-1.007233
-1.056396
-1.089478
-1.123947
-1.154266
-1.185440
-1.212021
-1.224533
-1.230576
-1.228745
-1.223022
-1.212708
-1.196976
-1.174774
-1.158798
-1.135590
-1.109467
-1.079987
-1.060043
-1.037918
-1.032303
-1.020752
-1.020721
-1.020355
-1.019470
-1.017700
-1.014542
-1.022690
-1.030182
-1.036499
-1.040833
-1.041916
-1.051620
-1.055939
-1.051010
-1.029800
-0.978226
-0.864990
-0.848389
-0.859863
-0.865112
-0.867844
-0.872635
-0.873459
-0.868042
-0.851883
-0.818130
-0.753174
-0.625854
-0.621140
-0.611542
-0.604645
-0.595856
-0.585144
-0.572449
-0.557571
-0.540298
-0.520325
-0.497299
-0.470749
-0.440094
-0.404526
-0.368668
-0.326401
-0.274750
-0.206863
-0.104965
-0.310944
-0.161148
-0.143784
-0.134354
-0.143738
-0.176483
-0.243820
-0.392380
-0.271301
-0.321381
-0.405106
-0.564331
-0.505997
-0.629547
-0.554291
-0.555328
-0.556610
-0.558212
-0.560257
-0.557007
-0.558624
-0.560593
-0.563004
-0.565994
-0.569809
-0.568863
-0.567657
-0.566025
-0.569672
-0.574265
-0.574310
-0.574356
-0.574402
-0.574463
-0.574554
-0.574631
-0.574753
-0.574890
-0.575073
-0.575272
-0.575516
-0.575821
-0.576202
-0.576660
-0.577225
-0.577988
-0.578995
-0.574478
-0.574570
-0.574677
-0.574814
-0.574951
-0.575150
-0.575363
-0.575638
-0.575974
-0.576355
-0.576859
-0.577469
-0.578262
-0.579315
-0.574875
-0.575027
-0.575226
-0.575455
-0.575729
-0.576080
-0.576508
-0.577042
-0.577744
-0.578690
-0.574112
-0.574112
-0.574112
-0.574112
-0.574112
-0.574112
-0.574112
-0.574112
-0.574112
-0.574112
-0.574112
-0.574112
-0.574112
-0.574112
-0.574112
-0.574112
-0.574112
-0.574112
-0.574112
-0.574112
-0.574112
-0.574112
-0.574112
-0.574112
-0.574112
-0.574112
-0.574112
-0.574112
-0.574112
-0.574112
-0.574112
-0.574112
-0.574112
-0.574112
-0.574112
-0.574112
-0.574112
-0.574112
-0.574112
-0.574112
-0.574112
-0.574112
-0.574112
-0.574112
-0.574112
-0.574112
-0.574112
-0.574112
-0.574112
-0.574112
-0.574112
-0.574112
-0.574112
-0.574112
-0.574112
-0.574112
-0.574112
-0.574112
-0.574112
-0.574112
-0.574112
-0.574112
-0.574112
-0.574112
-0.574112
-0.574112
-0.574127
-0.574142
-0.574142
-0.574158
-0.574158
-0.574173
-0.574203
-0.574234
-0.574265
-0.574310
-0.574356
-0.574402
-0.574463
-0.574539
-0.574631
-0.574738
-0.574875
-0.575043
-0.575241
-0.575470
-0.575775
-0.576126
-0.576584
-0.577133
-0.577850
-0.578842
-0.574310
-0.574356
-0.574417
-0.574478
-0.574570
-0.574677
-0.574814
-0.574951
-0.575150
-0.575363
-0.575638
-0.575974
-0.576355
-0.576859
-0.577469
-0.578262
-0.579315
-0.574875
-0.575027
-0.575226
-0.575455
-0.575729
-0.576080
-0.576508
-0.577042
-0.577744
-0.578690
-0.574112
-0.574127
-0.574142
-0.574142
-0.574158
-0.574158
-0.574173
-0.574203
-0.574234
-0.574265
-0.574310
-0.574356
-0.574402
-0.574463
-0.574539
-0.574631
-0.574738
-0.574875
-0.575027
-0.575226
-0.575455
-0.575729
-0.576080
-0.576508
-0.577042
-0.577744
-0.578690
-0.574112
-0.574112
-0.574112
-0.574112
-0.574112
-0.574112
-0.574112
-0.574112
-0.574112
-0.574112
-0.574112
-0.574112
-0.574112
-0.574112
-0.574112
-0.574112
-0.574112
-0.574112
-0.574112
-0.574112
-0.574112
-0.574112
-0.574112
-0.574112
-0.574112
-0.574112
-0.574112
-0.574112
-0.574112
-0.574112
-0.574112
-0.574112
-0.574112
-0.574112
-0.574112
-0.574112
-0.574112
-0.574112
-0.574112
-0.574112
-0.574112
-0.574112
-0.574112
-0.574112
-0.574112
-0.574112
-0.574112
-0.574112
-0.574112
-0.574112
-0.574112
-0.574112
-0.574112
-0.574112
-0.574112
-0.574112
-0.574112
-0.574112
-0.574112
-0.574112
-0.574112
-0.574112
-0.574112
-0.574112
-0.574112
-0.574112
-0.574112
-0.574112
-0.574112
-0.574112
-0.574112
-0.574112
-0.574112
-0.574112
-0.574112
-0.574112
-0.574112
-0.574112
-0.574112
-0.574112
-0.574112
-0.574112
-0.574112
-0.574112
-0.574112
-0.574112
-0.574112
-0.574112
-0.574112
-0.574112
-0.574112
-0.574112
-0.574112
-0.574112
-0.574112
-0.574127
-0.574142
-0.574142
-0.574158
-0.574158
-0.574173
-0.574203
-0.574234
-0.574265
-0.574310
-0.574356
-0.574402
-0.574463
-0.574539
-0.574631
-0.574738
-0.574875
-0.575027
-0.575226
-0.575455
-0.575729
-0.576080
-0.576508
-0.577057
-0.577759
-0.578735
-0.574158
-0.574173
-0.574203
-0.574234
-0.574265
-0.574310
-0.574356
-0.574402
-0.574463
-0.574539
-0.574631
-0.574738
-0.574875
-0.575027
-0.575226
-0.575455
-0.575729
-0.576080
-0.576508
-0.577042
-0.577744
-0.578690
-0.574112
-0.574112
-0.574112
-0.574112
-0.574112
-0.574112
-0.574112
-0.574112
-0.574112
-0.574112
-0.574112
-0.574112
-0.574112
-0.574112
-0.574112
-0.574112
-0.574112
-0.574112
-0.574112
-0.574112
-0.574112
-0.574112
-0.574112
-0.574112
-0.574112
-0.574112
-0.574112
-0.574112
-0.574112
-0.574112
-0.574112
-0.574112
-0.574112
-0.574112
-0.574112
-0.574112
-0.574112
-0.574112
-0.574112
-0.574112
-0.574112
-0.574112
-0.574112
-0.574112
-0.574112
-0.574112
-0.574112
-0.574112
-0.574112
-0.574112
-0.574112
-0.574112
-0.574112
-0.574112
-0.574112
-0.574112
-0.574112
-0.574112
-0.574112
-0.574112
-0.574112
-0.574112
-0.574112
-0.574112
-0.574112
-0.573563
-0.571899
-0.569489
-0.569824
-0.574875
-0.583115
-0.584457
-0.562576
-0.499710
-0.377594
-0.176285
0.120789
0.529861
1.066895
1.746872
2.582825
3.589462
4.770767
6.151505
7.754730
9.607346
11.744568
14.213959
17.083328
20.452042
24.467361
29.331894
35.227188
41.959122
48.326736
47.260422
46.102493
45.072632
44.324280
43.649521
42.881775
42.135910
41.434937
40.683197
39.858170
38.970383
38.013931
36.934326
35.854645
34.941345
34.156097
34.089584
33.064713
32.068558
31.007248
29.828339
28.694595
27.581970
26.514114
25.367203
24.093536
22.881531
21.560562
20.146393
18.708771
17.336456
15.890823
14.630707
13.260376
11.905853
10.612137
9.532684
8.855026
7.746002
5.438660
1.761978
-4.345703
-12.691727
-19.495346
-23.114479
-25.088608
-26.540421
-27.949730
-29.556686
-31.437088
-33.121704
-34.283676
-35.014542
-35.456497
-35.771042
-35.901329
-35.948586
-35.884109
-35.846062
-35.793015
-35.762978
-35.759155
-35.777489
-35.772400
-35.686714
-35.524902
-35.287086
-34.866287
-34.285721
-33.642372
-33.014885
-32.515465
-32.316963
-32.364273
-32.522141
-32.778168
-33.019180
-33.234215
-33.427399
-33.533585
-33.595398
-33.643768
-33.610825
-33.652748
-33.651604
-33.634827
-33.656273
-33.739761
-33.916939
-33.145950
-33.048538
-33.061142
-30.708420
-30.361229
-30.457520
-30.501404
-30.516129
-30.616913
-30.717651
-30.791458
-28.183624
-27.744118
-27.168129
-19.093674
-17.377090
-15.838135
-14.428955
-13.225815
-12.144913
-10.914749
-9.997223
-8.906586
-7.632233
-6.432785
-5.697815
-4.852829
-3.992569
-3.421295
-2.786652
-2.462677
-2.037018
-1.580490
-1.112549
-0.638245
-0.146088
0.338440
1.358200
2.696045
4.589172
5.991516
7.212555
8.286148
8.721893
8.589340
8.817444
8.464371
8.022903
7.566391
7.178543
6.765060
6.448929
6.199585
5.984955
5.826935
5.738647
5.690811
5.656540
5.557907
5.455200
5.445862
5.444763
5.483459
5.511124
5.466003
5.548813
5.523331
5.573898
5.642059
5.463226
5.244888
5.154297
5.092682
5.067535
4.838531
4.688858
4.545425
4.433868
4.223404
3.887772
3.552872
3.131683
2.689270
2.258209
1.795074
1.305145
0.816101
0.348145
-0.102936
-0.529541
-0.935333
-1.335693
-1.760590
-2.155350
-2.540970
-2.862656
-3.408859
-3.776413
-4.029663
-4.396957
-4.856705
-5.028549
-5.324142
-5.665756
-5.752396
-6.063065
-6.186630
-6.230606
-6.252396
-6.233398
-6.104202
-5.891037
-5.833328
-5.644104
-5.768906
-6.033524
-6.552109
-7.062271
-7.428223
-7.763870
-8.196472
-8.604248
-9.167175
-9.684967
-10.396042
-11.295135
-12.190430
-13.245728
-14.358688
-15.472534
-16.484177
-17.373337
-18.062988
-18.560089
-18.929443
-19.135468
-19.190781
-19.226273
-19.097351
-18.844223
-18.397949
-17.789749
-17.068466
-16.295685
-14.926773
-13.625244
-12.032990
-11.869308
-11.969315
-12.367233
-13.056702
-12.417297
-11.552811
-10.809738
-10.379410
-10.060928
-9.714478
-9.527695
-9.361542
-9.207748
-9.074814
-8.327087
-8.147079
-7.524002
-6.989471
-6.543442
-6.311844
-6.072174
-5.833237
-5.594498
-5.362122
-5.130569
-4.952133
-4.833588
-4.729935
-4.653824
-4.593597
-4.554550
-4.463654
-4.383987
-4.293884
-4.149017
-4.024323
-3.900940
-3.750061
-3.544647
-3.510056
-3.408798
-3.315277
-3.240829
-3.212952
-3.272888
-3.193756
-3.027267
-3.026794
-3.083557
-2.899323
-2.765976
-2.758102
-2.858459
-2.805923
-2.903809
-2.850723
-2.928528
-2.849899
-2.877991
-3.039703
-3.109497
-3.179535
-3.237564
-3.272568
-3.240005
-3.281525
-3.228668
-3.225891
-3.362305
-3.447250
-3.540146
-3.637283
-3.733795
-3.833969
-3.937485
-4.043274
-4.163116
-4.275803
-4.374176
-4.424103
-4.400330
-4.509033
-4.592819
-4.623871
-4.541885
-4.631210
-4.701675
-4.760956
-4.757401
-4.627426
-4.668396
-4.691406
-4.652664
-4.542404
-4.580185
-4.632446
-4.697708
-4.810364
-4.963074
-4.970215
-4.977127
-4.977997
-4.976181
-4.993073
-5.008377
-5.014404
-5.017319
-5.005966
-4.966858
-4.868713
-4.663498
-4.660690
-4.657410
-4.653595
-4.649200
-4.644104
-4.638275
-4.631607
-4.624023
-4.615433
-4.605728
-4.594742
-4.582184
-4.582184
-4.582184
-4.582184
-4.582184
-4.582184
-4.582199
-4.582199
-4.582199
-4.582214
-4.582230
-4.582245
-4.582291
-4.582321
-4.582367
-4.582413
-4.582489
-4.582565
-4.582672
-4.582794
-4.582947
-4.583115
-4.583328
-4.583588
-4.583893
-4.584259
-4.584686
-4.585205
-4.585815
-4.586563
-4.587494
-4.588623
-4.590103
-4.586578
-4.587540
-4.588791
-4.584991
-4.585617
-4.586472
-4.582184
-4.582199
-4.582199
-4.582199
-4.582214
-4.582230
-4.582260
-4.582291
-4.582336
-4.582382
-4.582443
-4.582520
-4.582611
-4.582718
-4.582855
-4.583023
-4.583206
-4.583435
-4.583725
-4.584061
-4.584473
-4.584961
-4.585556
-4.586258
-4.587112
-4.588135
-4.589432
-4.591080
-4.587784
-4.589020
-4.590637
-4.587372
-4.583282
-4.583527
-4.583801
-4.584122
-4.584534
-4.585007
-4.585587
-4.586304
-4.587219
-4.588379
-4.584488
-4.584991
-4.585617
-4.586472
-4.582184
-4.582184
-4.582184
-4.582184
-4.582184
-4.582184
-4.582184
-4.582184
-4.582184
-4.582184
-4.582184
-4.582184
-4.582199
-4.582199
-4.582199
-4.582214
-4.582230
-4.582245
-4.582260
-4.582275
-4.582306
-4.582352
-4.582397
-4.582458
-4.582535
-4.582626
-4.582748
-4.582901
-4.583069
-4.583282
-4.583542
-4.583862
-4.584229
-4.584686
-4.585236
-4.585892
-4.586716
-4.587738
-4.589050
-4.585312
-4.585983
-4.586761
-4.587708
-4.588852
-4.590256
-4.591980
-4.594208
-4.591690
-4.588531
-4.589981
-4.586411
-4.587296
-4.588425
-4.589905
-4.586472
-4.582184
-4.582184
-4.582184
-4.582184
-4.582184
-4.582184
-4.582184
-4.582184
-4.582184
-4.582184
-4.582184
-4.582184
-4.582184
-4.582184
-4.582199
-4.582199
-4.582199
-4.582214
-4.582230
-4.582245
-4.582260
-4.582275
-4.582306
-4.582336
-4.582367
-4.582413
-4.582458
-4.582535
-4.582611
-4.582703
-4.582825
-4.582962
-4.583130
-4.583328
-4.583572
-4.583862
-4.584213
-4.584641
-4.585159
-4.585846
-4.586746
-4.582535
-4.582611
-4.582703
-4.582809
-4.582932
-4.583099
-4.583282
-4.583511
-4.583786
-4.584106
-4.584488
-4.584991
-4.585617
-4.586472
-4.582184
-4.582184
-4.582184
-4.582184
-4.582184
-4.582184
-4.582184
-4.582184
-4.582184
-4.582184
-4.582184
-4.582184
-4.582184
-4.582184
-4.582184
-4.582184
-4.582184
-4.582184
-4.582184
-4.582184
-4.582184
-4.582184
-4.582184
-4.582184
-4.582184
-4.582184
-4.582184
-4.582184
-4.582184
-4.582184
-4.582184
-4.582184
-4.582184
-4.582184
-4.582184
-4.582184
-4.582184
-4.582184
-4.582184
-4.582184
-4.582184
-4.582184
-4.582184
-4.582184
-4.582184
-4.582184
-4.582184
-4.582199
-4.582199
-4.582199
-4.582214
-4.582230
-4.582245
-4.582260
-4.582275
-4.582306
-4.582336
-4.582367
-4.582413
-4.582458
-4.582535
-4.582611
-4.582703
-4.582809
-4.582932
-4.583099
-4.583282
-4.583511
-4.583786
-4.584106
-4.584488
-4.584991
-4.585617
-4.586472
-4.582184
-4.582184
-4.582184
-4.582184
-4.582184
-4.582184
-4.582184
-4.582184
-4.582184
-4.582184
-4.582184
-4.582184
-4.582184
-4.582184
-4.582184
-4.582184
-4.582184
-4.582184
-4.582199
-4.582199
-4.582199
-4.582214
-4.582230
-4.582245
-4.582260
-4.582275
-4.582306
-4.582336
-4.582367
-4.582413
-4.582458
-4.582535
-4.582611
-4.582703
-4.582809
-4.582932
-4.583099
-4.583282
-4.583511
-4.583786
-4.584106
-4.584488
-4.584991
-4.585617
-4.586472
-4.582184
-4.582184
-4.582184
-4.582184
-4.582184
-4.582184
-4.582184
-4.582184
-4.582184
-4.582184
-4.582184
-4.582184
-4.582184
-4.582184
-4.582184
-4.582184
-4.582184
-4.582184
-4.582184
-4.582199
-4.582199
-4.582199
-4.582214
-4.582230
-4.582245
-4.582260
-4.582275
-4.582306
-4.582336
-4.582367
-4.582413
-4.582458
-4.582535
-4.582611
-4.582703
-4.582809
-4.582932
-4.583099
-4.583282
-4.583511
-4.583786
-4.584106
-4.584488
-4.584991
-4.585617
-4.586472
-4.582184
-4.582184
-4.582184
-4.582184
-4.582184
-4.582184
-4.582184
-4.582184
-4.582184
-4.582184
-4.582184
-4.582184
-4.582184
-4.582184
-4.582184
-4.582184
-4.582184
-4.582184
-4.582184
-4.582184
-4.582184
-4.582184
-4.582184
-4.582184
-4.582184
-4.582184
-4.582184
-4.582184
-4.582184
-4.582184
-4.582184
-4.582184
-4.582184
-4.582184
-4.582184
-4.582184
-4.582184
-4.582184
-4.582184
-4.582184
-4.582184
-4.582184
-4.582184
-4.582184
-4.582184
-4.582184
-4.582184
-4.582184
-4.582184
-4.582184
-4.582184
-4.582184
-4.582184
-4.582184
-4.582184
-4.582184
-4.582184
-4.582184
-4.582199
-4.582199
-4.582199
-4.582214
-4.582230
-4.582245
-4.582260
-4.582275
-4.582306
-4.582352
-4.582397
-4.582443
-4.582520
-4.582596
-4.582703
-4.582825
-4.582962
-4.583145
-4.583359
-4.583603
-4.583923
-4.584290
-4.584732
-4.585266
-4.585922
-4.586761
-4.587845
-4.583862
-4.584213
-4.584625
-4.585144
-4.585770
-4.586578
-4.587631
-4.583603
-4.583893
-4.584244
-4.584686
-4.585205
-4.585892
-4.586823
-4.582611
-4.582703
-4.582825
-4.582962
-4.583130
-4.583328
-4.583557
-4.583847
-4.584183
-4.584610
-4.585129
-4.585800
-4.586700
-4.582458
-4.582535
-4.582611
-4.582703
-4.582809
-4.582932
-4.583099
-4.583282
-4.583511
-4.583786
-4.584106
-4.584488
-4.584991
-4.585617
-4.586472
-4.582184
-4.582184
-4.582184
-4.582184
-4.582184
-4.582184
-4.582184
-4.582184
-4.582184
-4.582184
-4.582184
-4.582184
-4.582184
-4.582184
-4.582184
-4.582184
-4.582184
-4.582184
-4.582199
-4.582199
-4.582199
-4.582214
-4.582230
-4.582245
-4.582275
-4.582748
-4.581024
-4.576477
-4.572159
-4.571350
-4.571518
-4.561386
-4.522125
-4.431564
-4.267166
-4.010880
-3.642654
-3.143494
-2.496231
-1.705475
-0.744400
0.407547
1.767624
3.354813
5.190552
7.308273
9.734253
12.521088
15.741653
19.488434
23.918335
29.242035
35.627136
42.723434
49.068268
47.866745
46.572174
45.406311
44.518585
43.680222
42.884201
42.100067
41.257904
40.317001
39.399399
38.326096
37.208786
36.412521
36.380569
35.806595
34.775574
33.789108
32.776230
31.827881
30.747360
29.706253
28.623047
27.517975
26.192093
24.920349
23.714539
22.584381
22.081863
21.062225
19.998581
19.547089
18.422348
17.143112
15.875000
14.595596
13.333054
12.017380
10.738068
9.285660
7.669281
5.569443
2.368500
-2.942154
-10.672714
-17.800522
-21.872925
-23.942657
-25.336632
-26.616142
-28.096992
-29.751564
-31.645416
-32.921051
-33.740059
-34.279305
-34.637222
-34.802162
-34.830338
-34.813278
-34.748627
-34.680473
-34.667603
-34.711815
-34.754601
-34.805092
-34.842720
-34.769699
-34.541862
-34.179871
-33.628769
-33.033928
-32.512077
-32.226852
-32.312500
-32.584961
-32.979263
-33.404335
-33.811890
-34.181198
-34.439468
-34.636261
-34.811874
-34.912041
-34.912834
-34.818253
-34.589569
-34.212616
-33.602592
-32.798607
-31.769821
-30.252296
-28.746147
-27.773956
-27.410896
-26.758881
-25.492081
-23.243355
-21.881973
-20.489105
-18.676147
-17.085220
-15.217621
-13.663498
-12.416046
-11.339249
-10.404099
-9.541992
-8.802765
-8.117233
-7.549820
-7.038879
-6.604141
-6.224197
-5.849869
-5.471146
-5.090240
-4.725967
-4.432312
-3.932938
-3.413467
-3.081436
-2.604538
-2.103149
-1.738495
-1.251801
-0.868774
-0.431717
0.064606
0.648361
1.344406
1.547684
2.331375
3.163223
4.078995
4.372879
5.153809
5.392944
6.096893
6.322525
6.476212
6.554001
6.565460
6.469940
6.360504
6.191940
6.030121
5.925400
5.684738
5.463943
5.311493
5.154556
5.004623
4.893982
4.850357
4.678452
4.422974
4.266296
4.200089
4.027893
3.877029
3.739090
3.613083
3.513214
3.429626
3.361008
3.296280
3.219360
3.152664
3.023285
3.002548
2.991974
2.983582
2.917511
2.963120
2.999176
2.973862
3.056000
3.110809
3.136887
3.035385
2.990402
2.988403
3.079803
3.112305
3.006775
2.951538
2.919983
2.929581
3.018784
2.990234
3.038712
2.943634
2.887161
2.835419
2.779037
2.729248
2.677261
2.635269
2.596802
2.579987
2.588440
2.653320
2.589203
2.541412
2.490540
2.436676
2.392792
2.351624
2.318954
2.306915
2.343628
2.286118
2.226517
2.168457
2.113785
2.087204
2.121552
2.141953
2.029419
1.867737
1.696198
1.496445
1.265015
0.999161
0.699356
0.374710
0.059540
-0.289246
-0.778580
-1.275620
-1.744705
-2.173309
-2.523514
-2.782303
-2.894272
-3.145737
-3.362274
-3.567062
-3.747162
-3.884125
-3.979919
-4.046722
-4.101288
-4.115555
-4.075928
-3.981415
-3.828491
-3.584869
-3.294479
-3.031677
-2.915375
-2.828598
-2.744797
-2.644363
-2.508194
-2.457809
-2.363297
-2.362747
-2.311005
-2.351578
-2.338730
-2.250763
-2.157318
-2.108047
-2.137375
-2.064713
-2.007004
-1.990295
-2.048050
-1.975861
-1.912064
-1.862488
-1.830841
-1.811829
-1.830536
-1.899918
-1.837646
-1.799500
-1.779999
-1.759491
-1.746307
-1.759979
-1.804169
-1.912964
-1.861420
-1.837418
-1.805466
-1.763275
-1.720551
-1.660965
-1.576706
-1.452423
-1.253220
-1.206253
-1.138153
-1.066788
-0.993698
-0.921524
-0.854935
-0.802399
-0.796738
-0.863937
-0.654999
-0.665619
-0.388794
-0.246429
-0.104279
0.032028
0.155334
0.268066
0.366867
0.447968
0.505692
0.524689
0.479309
0.336639
0.479919
0.356644
0.533920
0.538773
0.540848
0.555984
0.586578
0.666367
0.546341
0.510742
0.471405
0.447769
0.452637
0.515045
0.371719
0.293304
0.189880
0.020187
0.082321
0.050171
0.024628
0.012589
0.040985
0.132980
0.103317
0.102570
0.115799
0.156509
0.249481
0.206177
0.195908
0.185287
0.174667
0.164627
0.150223
0.136612
0.124191
0.108658
0.096634
0.085632
0.085846
0.108841
0.181168
0.134552
0.109833
0.082520
0.052765
0.020691
-0.013657
-0.050400
-0.090210
-0.135666
-0.196198
-0.066498
0.062714
0.025085
0.001038
-0.029694
-0.063019
-0.092621
-0.127335
-0.160797
-0.189728
-0.208054
-0.197342
-0.132629
-0.155243
-0.183624
-0.204575
-0.219269
-0.221191
-0.196960
-0.109329
-0.129181
-0.145691
-0.164261
-0.185196
-0.202896
-0.221878
-0.241959
-0.262939
-0.278671
-0.292587
-0.302979
-0.301498
-0.286346
-0.243896
-0.144547
-0.146286
-0.151291
-0.151703
-0.151978
-0.152084
-0.157791
-0.159103
-0.160553
-0.162186
-0.164032
-0.166107
-0.168427
-0.171112
-0.168396
-0.170334
-0.172516
-0.169235
-0.164825
-0.158981
-0.151245
-0.140976
-0.127045
-0.107376
-0.077957
-0.029984
0.058350
-0.054184
-0.173660
-0.082672
-0.081665
-0.080444
-0.078949
-0.077118
-0.074890
-0.072159
-0.068756
-0.064423
-0.064682
-0.065018
-0.065460
-0.066086
-0.061172
-0.060699
-0.060120
-0.059433
-0.058578
-0.057541
-0.056274
-0.054749
-0.052872
-0.050568
-0.047714
-0.044083
-0.045288
-0.041077
-0.041489
-0.042007
-0.042770
-0.038010
-0.037720
-0.037369
-0.036926
-0.036392
-0.035751
-0.034973
-0.034042
-0.032898
-0.031509
-0.029816
-0.027740
-0.025131
-0.021790
-0.023224
-0.025009
-0.027222
-0.030075
-0.027908
-0.030960
-0.029099
-0.026764
-0.029556
-0.027405
-0.024643
-0.026901
-0.023972
-0.025879
-0.028229
-0.031097
-0.034668
-0.039185
-0.039185
-0.039185
-0.039185
-0.039185
-0.039185
-0.039185
-0.039185
-0.039185
-0.039185
-0.039185
-0.039185
-0.039185
-0.039185
-0.039185
-0.039185
-0.039185
-0.039200
-0.039200
-0.039200
-0.039215
-0.039230
-0.039230
-0.039246
-0.039276
-0.039307
-0.039337
-0.039368
-0.039429
-0.039490
-0.039566
-0.039658
-0.039764
-0.039902
-0.040054
-0.040253
-0.040482
-0.040756
-0.041107
-0.041519
-0.042023
-0.042664
-0.043472
-0.044586
-0.040253
-0.040497
-0.040771
-0.041107
-0.041534
-0.042068
-0.042770
-0.043716
-0.039215
-0.039230
-0.039230
-0.039246
-0.039261
-0.039291
-0.039337
-0.039368
-0.039413
-0.039459
-0.039520
-0.039597
-0.039673
-0.039780
-0.039917
-0.040070
-0.040253
-0.040497
-0.040771
-0.041107
-0.041534
-0.042053
-0.042755
-0.043701
-0.039185
-0.039185
-0.039185
-0.039185
-0.039185
-0.039185
-0.039185
-0.039185
-0.039185
-0.039185
-0.039185
-0.039185
-0.039185
-0.039185
-0.039185
-0.039185
-0.039185
-0.039185
-0.039185
-0.039185
-0.039185
-0.039185
-0.039185
-0.039185
-0.039185
-0.039185
-0.039185
-0.039185
-0.039185
-0.039185
-0.039185
-0.039185
-0.039185
-0.039185
-0.039200
-0.039200
-0.039200
-0.039215
-0.039230
-0.039230
-0.039246
-0.039276
-0.039307
-0.039337
-0.039383
-0.039444
-0.039505
-0.039581
-0.039673
-0.039795
-0.039948
-0.040115
-0.040329
-0.040588
-0.040894
-0.041275
-0.041733
-0.042282
-0.042999
-0.043884
-0.045090
-0.040863
-0.041214
-0.041656
-0.042175
-0.042831
-0.043655
-0.044693
-0.046066
-0.042099
-0.042801
-0.043762
-0.039261
-0.039291
-0.039337
-0.039368
-0.039413
-0.039459
-0.039520
-0.039597
-0.039703
-0.039810
-0.039948
-0.040115
-0.040329
-0.040573
-0.040878
-0.041260
-0.041718
-0.042297
-0.043060
-0.044083
-0.039658
-0.039764
-0.039902
-0.040054
-0.040253
-0.040482
-0.040756
-0.041107
-0.041519
-0.042023
-0.042664
-0.043472
-0.044586
-0.040253
-0.040497
-0.040771
-0.041107
-0.041534
-0.042053
-0.042755
-0.043716
-0.039200
-0.039200
-0.039215
-0.039230
-0.039246
-0.039261
-0.039291
-0.039322
-0.039352
-0.039413
-0.039474
-0.039551
-0.039627
-0.039734
-0.039871
-0.040024
-0.040207
-0.040436
-0.040710
-0.041046
-0.041443
-0.041946
-0.042542
-0.043304
-0.044281
-0.045547
-0.041443
-0.041931
-0.042557
-0.043350
-0.044434
-0.040070
-0.040253
-0.040497
-0.040771
-0.041107
-0.041534
-0.042053
-0.042755
-0.043701
-0.039185
-0.039185
-0.039185
-0.039185
-0.039185
-0.039185
-0.039185
-0.039185
-0.039185
-0.039185
-0.039185
-0.039185
-0.039185
-0.039185
-0.039185
-0.039185
-0.039185
-0.039185
-0.039185
-0.039185
-0.039185
-0.039185
-0.039185
-0.039185
-0.039185
-0.039185
-0.039185
-0.039185
-0.039185
-0.039185
-0.039185
-0.039185
-0.039200
-0.039200
-0.039200
-0.039215
-0.039230
-0.039230
-0.039246
-0.039261
-0.039291
-0.039337
-0.039368
-0.039413
-0.039459
-0.039520
-0.039597
-0.039673
-0.039780
-0.039917
-0.040085
-0.040283
-0.040512
-0.040802
-0.041153
-0.041595
-0.042145
-0.042862
-0.043839
-0.039368
-0.039413
-0.039459
-0.039520
-0.039597
-0.039673
-0.039780
-0.039917
-0.040070
-0.040253
-0.040497
-0.040771
-0.041107
-0.041534
-0.042053
-0.042755
-0.043701
-0.039185
-0.039185
-0.039185
-0.039185
-0.039185
-0.039185
-0.039185
-0.039185
-0.039185
-0.039185
-0.039185
-0.039185
-0.039185
-0.039185
-0.039185
-0.039185
-0.039185
-0.039185
-0.039185
-0.039185
-0.039185
-0.039185
-0.039185
-0.039185
-0.039185
-0.039185
-0.039185
-0.039185
-0.039185
-0.039185
-0.039185
-0.039185
-0.039185
-0.039200
-0.039200
-0.039200
-0.039215
-0.039230
-0.039230
-0.039246
-0.039261
-0.039307
-0.039337
-0.039368
-0.039413
-0.039490
-0.039551
-0.039642
-0.039734
-0.039871
-0.040024
-0.040222
-0.040436
-0.040710
-0.041031
-0.041443
-0.041931
-0.042557
-0.043350
-0.044434
-0.040070
-0.040253
-0.040497
-0.040771
-0.041107
-0.041534
-0.042053
-0.042755
-0.043701
-0.039185
-0.039185
-0.039185
-0.039185
-0.039185
-0.039185
-0.039185
-0.039185
-0.039185
-0.039185
-0.039185
-0.039185
-0.039185
-0.039185
-0.039185
-0.039185
-0.039185
-0.039185
-0.039185
-0.039185
-0.039185
-0.039185
-0.039185
-0.039185
-0.039185
-0.039185
-0.039185
-0.039185
-0.039185
-0.039185
-0.039185
-0.039185
-0.039185
-0.039185
-0.039185
-0.039185
-0.039185
-0.039200
-0.039200
-0.039200
-0.039215
-0.039230
-0.039230
-0.039246
-0.039261
-0.039291
-0.039337
-0.039368
-0.039413
-0.039459
-0.039520
-0.039597
-0.039673
-0.039780
-0.039917
-0.040070
-0.040253
-0.040497
-0.040771
-0.041107
-0.041534
-0.042053
-0.042755
-0.043701
-0.039185
-0.039185
-0.039185
-0.039185
-0.039185
-0.039185
-0.039185
-0.039185
-0.039185
-0.039185
-0.039185
-0.039185
-0.039185
-0.039185
-0.039185
-0.039185
-0.039185
-0.039185
-0.039185
-0.039200
-0.039200
-0.039200
-0.039215
-0.039230
-0.039230
-0.039246
-0.039261
-0.039291
-0.039337
-0.039368
-0.039413
-0.039459
-0.039520
-0.039597
-0.039673
-0.039780
-0.039917
-0.040070
-0.040253
-0.040497
-0.040771
-0.041107
-0.041534
-0.042053
-0.042755
-0.043701
-0.039185
-0.039185
-0.039185
-0.039185
-0.039185
-0.039185
-0.039185
-0.039185
-0.039185
-0.039185
-0.039185
-0.039185
-0.039185
-0.039185
-0.039185
-0.039185
-0.039185
-0.039185
-0.039200
-0.039200
-0.039215
-0.039230
-0.039246
-0.039261
-0.039291
-0.039337
-0.039383
-0.039444
-0.039520
-0.039612
-0.039719
-0.039856
-0.039993
-0.040192
-0.040436
-0.040710
-0.041061
-0.041458
-0.041962
-0.042557
-0.043289
-0.044189
-0.045303
-0.046722
-0.048599
-0.045319
-0.041138
-0.041565
-0.042068
-0.042679
-0.043457
-0.044403
-0.045639
-0.047272
-0.043701
-0.039185
-0.039200
-0.039200
-0.039200
-0.039215
-0.039230
-0.039246
-0.039261
-0.039276
-0.039307
-0.039352
-0.039398
-0.039459
-0.039520
-0.039612
-0.039703
-0.039825
-0.039963
-0.040131
-0.040344
-0.040588
-0.040894
-0.041260
-0.041702
-0.042252
-0.042938
-0.043823
-0.045013
-0.040771
-0.041107
-0.041534
-0.042053
-0.042755
-0.043701
-0.039185
-0.039185
-0.039185
-0.039185
-0.039185
-0.039185
-0.039185
-0.039185
-0.039185
-0.039185
-0.039185
-0.039185
-0.039185
-0.039200
-0.039200
-0.039200
-0.039215
-0.039230
-0.039230
-0.039246
-0.039261
-0.039291
-0.039337
-0.039368
-0.039413
-0.039459
-0.039520
-0.039597
-0.039688
-0.039810
-0.039932
-0.040115
-0.040298
-0.040558
-0.040848
-0.041214
-0.041656
-0.042236
-0.042969
-0.043976
-0.039520
-0.039597
-0.039673
-0.039780
-0.039917
-0.040070
-0.040253
-0.040497
-0.040771
-0.041107
-0.041534
-0.042053
-0.042755
-0.043701
-0.039185
-0.039185
-0.039200
-0.039200
-0.039215
-0.039230
-0.039246
-0.039261
-0.039291
-0.039337
-0.039383
-0.039444
-0.039505
-0.039581
-0.039673
-0.039780
-0.039917
-0.040085
-0.040283
-0.040512
-0.040802
-0.041138
-0.041565
-0.042068
-0.042679
-0.043457
-0.044403
-0.045639
-0.047272
-0.043701
-0.039185
-0.039185
-0.039185
-0.039185
-0.039185
-0.039185
-0.039185
