2.256989
2.108612
1.965439
1.828751
1.694656
1.564926
1.437164
1.314728
1.197678
1.088577
0.986694
0.892914
0.805588
0.722504
0.642609
0.561508
0.481110
0.400436
0.320816
0.243149
0.172577
0.109573
0.053543
0.004959
-0.038193
-0.080124
-0.123672
-0.170029
-0.223328
-0.280869
-0.344147
-0.411011
-0.477844
-0.543518
-0.604889
-0.660919
-0.713669
-0.761993
-0.805939
-0.846359
-0.883148
-0.915207
-0.944778
-0.969788
-0.988403
-1.002502
-1.008606
-1.008118
-1.002960
-0.992889
-0.979874
-0.965347
-0.952957
-0.944534
-0.939362
-0.939850
-0.941513
-0.945297
-0.949219
-0.949341
-0.947540
-0.942078
-0.934509
-0.924240
-0.912903
-0.900665
-0.886490
-0.871704
-0.856430
-0.840805
-0.823929
-0.806931
-0.789566
-0.771332
-0.750671
-0.728439
-0.705856
-0.681488
-0.654678
-0.628784
-0.604492
-0.580826
-0.558380
-0.538361
-0.519043
-0.500641
-0.483093
-0.466690
-0.451721
-0.439804
-0.427841
-0.416962
-0.406616
-0.397537
-0.389618
-0.380295
-0.370895
-0.362289
-0.351639
-0.340927
-0.327896
-0.311859
-0.294006
-0.273117
-0.249969
-0.227066
-0.204498
-0.183167
-0.165009
-0.148636
-0.135162
-0.124237
-0.114304
-0.106918
-0.101349
-0.097672
-0.097565
-0.099579
-0.103470
-0.108887
-0.115387
-0.122543
-0.129913
-0.138123
-0.145279
-0.151001
-0.155182
-0.157990
-0.159760
-0.160950
-0.161911
-0.162903
-0.164047
-0.165237
-0.166336
-0.167206
-0.169159
-0.170792
-0.170792
-0.170654
-0.170532
-0.171982
-0.173386
-0.174927
-0.176559
-0.178207
-0.179871
-0.181503
-0.183121
-0.184753
-0.186432
-0.186737
-0.188538
-0.190430
-0.190964
-0.191559
-0.192154
-0.194183
-0.194748
-0.196701
-0.197159
-0.198990
-0.200760
-0.201065
-0.202759
-0.203003
-0.203217
-0.203384
-0.204971
-0.205078
-0.205185
-0.205246
-0.205292
-0.206741
-0.206741
-0.206741
-0.206741
-0.206741
-0.206741
-0.206741
-0.206741
-0.206741
-0.206741
-0.206741
-0.206741
-0.206741
-0.206741
-0.206741
-0.206741
-0.206741
-0.206741
-0.206741
-0.206741
-0.206741
-0.206741
-0.206741
-0.206741
-0.206711
-0.206619
-0.206421
-0.206131
-0.205795
-0.205383
-0.204880
-0.204315
-0.203720
-0.203125
-0.202530
-0.201904
-0.201172
-0.200256
-0.199097
-0.197632
-0.195862
-0.193832
-0.191666
-0.189468
-0.187317
-0.185349
-0.183640
-0.182251
-0.181213
-0.180450
-0.179871
-0.179398
-0.178955
-0.179947
-0.179474
-0.178909
-0.178192
-0.177292
-0.177612
-0.176315
-0.174805
-0.173126
-0.171371
-0.171036
-0.170746
-0.170502
-0.170319
-0.170135
-0.169952
-0.169739
-0.168091
-0.166489
-0.166382
-0.164917
-0.163528
-0.162277
-0.161179
-0.161697
-0.162430
-0.161987
-0.163254
-0.163376
-0.165146
-0.167068
-0.169083
-0.171066
-0.173004
-0.174911
-0.176804
-0.178726
-0.179276
-0.179871
-0.181900
-0.183975
-0.186050
-0.188110
-0.190170
-0.192200
-0.194199
-0.194717
-0.196625
-0.198441
-0.200150
-0.200302
-0.200348
-0.201691
-0.201477
-0.201126
-0.200607
-0.199936
-0.199127
-0.199585
-0.198456
-0.198654
-0.197388
-0.196198
-0.195084
-0.194092
-0.193207
-0.192459
-0.191833
-0.191315
-0.190872
-0.190521
-0.190262
-0.190125
-0.190109
-0.190216
-0.190445
-0.190720
-0.192444
-0.192719
-0.192917
-0.192993
-0.194351
-0.194168
-0.195312
-0.194946
-0.194473
-0.195374
-0.196198
-0.195572
-0.194946
-0.194366
-0.193802
-0.194717
-0.194199
-0.193649
-0.193024
-0.193771
-0.192978
-0.192139
-0.191238
-0.190369
-0.189590
-0.188904
-0.188324
-0.187790
-0.188705
-0.188187
-0.187576
-0.188309
-0.187485
-0.186539
-0.185532
-0.185974
-0.185059
-0.184311
-0.185211
-0.184937
-0.184891
-0.185043
-0.185272
-0.186996
-0.187241
-0.188843
-0.188919
-0.190308
-0.190170
-0.191345
-0.190979
-0.190552
-0.190033
-0.189392
-0.190063
-0.189178
-0.189682
-0.188751
-0.189316
-0.190033
-0.189484
-0.190613
-0.190506
-0.190613
-0.190872
-0.191193
-0.191544
-0.191864
-0.192139
-0.192398
-0.194046
-0.194183
-0.194244
-0.195633
-0.195480
-0.195190
-0.196243
-0.195786
-0.196793
-0.196381
-0.196030
-0.197189
-0.198456
-0.198395
-0.198471
-0.198593
-0.198700
-0.198700
-0.198532
-0.198242
-0.197861
-0.197388
-0.196854
-0.197693
-0.196976
-0.196167
-0.195206
-0.194107
-0.192902
-0.193069
-0.191757
-0.190384
-0.190384
-0.188919
-0.187531
-0.186279
-0.185226
-0.184448
-0.183960
-0.183777
-0.183838
-0.184021
-0.184189
-0.184326
-0.185822
-0.187241
-0.187149
-0.186935
-0.186615
-0.186203
-0.187180
-0.186722
-0.187698
-0.188690
-0.188278
-0.189392
-0.189133
-0.188873
-0.190033
-0.191208
-0.192429
-0.192291
-0.192276
-0.192368
-0.192581
-0.192902
-0.193253
-0.193588
-0.193832
-0.195404
-0.196915
-0.196945
-0.196960
-0.196960
-0.198380
-0.199844
-0.199936
-0.200027
-0.200073
-0.199936
-0.201080
-0.200592
-0.199936
-0.199142
-0.198257
-0.198807
-0.197998
-0.197327
-0.196777
-0.196320
-0.195938
-0.195618
-0.195343
-0.195129
-0.194977
-0.196335
-0.196350
-0.196472
-0.196655
-0.196854
-0.197006
-0.197128
-0.197189
-0.197235
-0.197235
-0.197235
-0.198639
-0.200073
-0.200073
-0.200027
-0.201355
-0.201218
-0.201035
-0.200806
-0.200500
-0.200134
-0.199677
-0.200653
-0.200241
-0.199844
-0.199463
-0.199081
-0.198715
-0.198364
-0.198044
-0.197784
-0.197556
-0.198746
-0.198517
-0.198273
-0.198059
-0.197876
-0.197754
-0.197662
-0.197556
-0.197418
-0.197220
-0.198334
-0.197952
-0.197495
-0.197037
-0.196579
-0.197586
-0.197189
-0.196808
-0.196442
-0.196106
-0.195816
-0.197021
-0.196869
-0.196732
-0.196594
-0.196442
-0.196304
-0.196136
-0.197357
-0.197113
-0.196854
-0.196609
-0.196365
-0.196091
-0.195740
-0.196701
-0.196045
-0.195236
-0.195740
-0.194717
-0.193665
-0.192642
-0.191696
-0.190887
-0.191727
-0.191284
-0.190994
-0.190826
-0.190689
-0.190552
-0.190369
-0.191605
-0.191422
-0.191254
-0.191101
-0.190918
-0.192062
-0.191605
-0.190948
-0.190109
-0.189117
-0.189514
-0.188492
-0.189041
-0.189743
-0.189163
-0.188705
-0.189804
-0.189621
-0.189575
-0.189651
-0.189850
-0.190140
-0.190521
-0.192383
-0.192871
-0.193420
-0.195404
-0.195984
-0.196564
-0.197128
-0.197586
-0.199356
-0.199493
-0.200882
-0.202164
-0.203369
-0.203094
-0.202759
-0.202362
-0.201920
-0.201462
-0.200974
-0.201996
-0.201584
-0.201218
-0.200836
-0.200455
-0.200104
-0.199783
-0.199493
-0.199203
-0.198898
-0.198608
-0.198318
-0.198059
-0.197861
-0.197739
-0.197678
-0.197647
-0.199036
-0.198975
-0.198883
-0.198730
-0.198486
-0.198151
-0.199188
-0.198746
-0.198227
-0.197617
-0.196899
-0.196091
-0.195267
-0.195923
-0.195236
-0.194580
-0.193939
-0.193237
-0.192535
-0.193314
-0.192688
-0.192123
-0.191650
-0.191193
-0.190781
-0.190369
-0.189987
-0.189651
-0.190796
-0.190536
-0.190308
-0.190094
-0.191360
-0.191269
-0.191238
-0.191269
-0.192810
-0.194412
-0.194580
-0.194626
-0.194458
-0.194046
-0.193420
-0.194122
-0.194778
-0.193954
-0.193085
-0.192062
-0.190872
-0.190964
-0.189575
-0.188217
-0.188431
-0.187424
-0.186691
-0.186218
-0.186035
-0.187485
-0.187653
-0.187912
-0.188248
-0.188614
-0.189011
-0.189438
-0.189880
-0.190308
-0.192154
-0.194016
-0.195892
-0.196350
-0.196716
-0.196869
-0.196777
-0.197891
-0.198792
-0.199615
-0.200439
-0.199905
-0.199478
-0.199188
-0.199036
-0.198959
-0.198929
-0.198853
-0.198730
-0.198471
-0.199539
-0.199066
-0.198517
-0.197861
-0.197128
-0.196289
-0.195358
-0.194382
-0.193420
-0.192459
-0.191544
-0.190628
-0.191132
-0.191666
-0.190842
-0.190125
-0.189484
-0.188919
-0.188370
-0.187851
-0.187378
-0.186981
-0.186707
-0.186523
-0.187927
-0.188065
-0.188293
-0.189957
-0.190109
-0.190140
-0.191467
-0.191269
-0.192459
-0.192215
-0.193390
-0.193130
-0.192841
-0.192505
-0.193542
-0.193100
-0.194107
-0.193756
-0.193436
-0.193130
-0.194229
-0.193848
-0.194794
-0.194214
-0.193451
-0.192459
-0.191238
-0.189835
-0.188339
-0.186798
-0.185257
-0.185165
-0.185211
-0.184021
-0.183029
-0.182205
-0.181488
-0.180801
-0.181564
-0.180908
-0.180313
-0.181274
-0.180969
-0.180878
-0.181000
-0.181305
-0.181686
-0.183517
-0.183807
-0.185333
-0.185211
-0.186249
-0.187073
-0.187775
-0.188477
-0.187820
-0.187286
-0.188370
-0.188187
-0.189636
-0.189819
-0.190125
-0.190521
-0.192352
-0.194138
-0.194412
-0.196075
-0.196243
-0.196396
-0.196564
-0.196747
-0.196915
-0.197021
-0.197037
-0.198380
-0.198166
-0.199249
-0.200226
-0.199661
-0.200439
-0.199692
-0.198822
-0.197845
-0.196701
-0.195465
-0.194153
-0.192856
-0.191666
-0.190628
-0.189835
-0.189224
-0.188751
-0.189743
-0.189255
-0.188690
-0.188110
-0.187485
-0.186859
-0.186249
-0.185699
-0.186661
-0.186264
-0.185928
-0.185562
-0.186630
-0.186249
-0.185776
-0.186630
-0.185944
-0.186630
-0.187332
-0.186707
-0.187668
-0.187393
-0.187347
-0.187515
-0.187805
-0.188141
-0.188431
-0.190002
-0.191422
-0.192612
-0.192169
-0.191528
-0.190735
-0.191208
-0.190155
-0.189026
-0.187866
-0.188095
-0.186844
-0.187027
-0.185837
-0.184738
-0.185257
-0.185989
-0.185577
-0.185410
-0.185410
-0.185577
-0.185791
-0.186020
-0.186218
-0.186371
-0.186493
-0.188034
-0.188171
-0.189789
-0.189987
-0.191574
-0.193130
-0.193222
-0.193253
-0.194672
-0.196091
-0.196091
-0.196106
-0.197586
-0.199112
-0.199265
-0.199493
-0.199768
-0.200043
-0.200241
-0.200348
-0.200333
-0.201614
-0.201340
-0.200912
-0.201736
-0.201019
-0.200241
-0.199432
-0.198685
-0.198013
-0.197479
-0.197021
-0.198059
-0.197586
-0.196991
-0.196259
-0.195419
-0.194565
-0.193741
-0.193024
-0.192490
-0.192123
-0.191833
-0.191559
-0.191254
-0.190887
-0.191956
-0.191574
-0.191193
-0.190781
-0.191818
-0.191437
-0.192505
-0.192169
-0.191879
-0.191650
-0.191513
-0.191422
-0.191330
-0.191208
-0.192459
-0.193726
-0.194992
-0.194824
-0.194641
-0.194473
-0.194321
-0.194199
-0.194122
-0.194046
-0.195358
-0.196564
-0.196228
-0.195801
-0.195328
-0.194809
-0.195694
-0.195114
-0.194443
-0.193649
-0.194168
-0.193237
-0.192337
-0.191467
-0.190689
-0.189957
-0.190781
-0.190292
-0.189941
-0.189758
-0.189713
-0.191254
-0.191498
-0.191879
-0.192352
-0.192886
-0.193451
-0.194016
-0.195969
-0.197784
-0.197998
-0.198013
-0.197830
-0.197479
-0.198441
-0.197952
-0.198883
-0.199768
-0.199142
-0.198471
-0.197708
-0.196945
-0.197632
-0.196976
-0.196472
-0.196106
-0.195923
-0.195862
-0.195862
-0.195862
-0.195786
-0.195618
-0.195374
-0.195084
-0.194778
-0.194504
-0.194275
-0.195511
-0.196777
-0.196609
-0.196487
-0.196335
-0.196121
-0.195831
-0.195465
-0.196503
-0.197540
-0.197235
-0.197037
-0.196945
-0.196960
-0.197083
-0.197296
-0.197571
-0.197845
-0.198029
-0.199417
-0.199112
-0.199982
-0.199219
-0.198334
-0.197342
-0.196228
-0.194946
-0.193436
-0.191727
-0.191299
-0.189316
-0.187347
-0.185501
-0.185257
-0.183807
-0.182632
-0.181732
-0.181137
-0.180832
-0.180817
-0.181061
-0.181534
-0.182068
-0.182587
-0.182983
-0.183273
-0.184875
-0.186432
-0.188004
-0.188187
-0.188416
-0.188583
-0.190002
-0.191177
-0.192062
-0.192657
-0.192978
-0.191666
-0.191635
-0.190063
-0.188492
-0.186935
-0.186951
-0.185730
-0.184814
-0.184143
-0.183716
-0.183426
-0.183197
-0.182983
-0.184235
-0.185501
-0.185379
-0.185287
-0.185257
-0.185287
-0.185410
-0.185608
-0.185883
-0.187622
-0.189392
-0.191238
-0.191650
-0.193390
-0.194977
-0.194901
-0.196030
-0.195480
-0.196136
-0.195251
-0.194260
-0.193222
-0.192154
-0.191040
-0.191345
-0.190277
-0.190750
-0.189957
-0.189362
-0.188965
-0.190201
-0.190231
-0.190430
-0.190811
-0.191315
-0.191940
-0.192596
-0.193207
-0.193726
-0.194122
-0.194397
-0.195999
-0.197525
-0.197571
-0.199036
-0.198959
-0.200272
-0.200027
-0.199646
-0.200592
-0.199951
-0.200653
-0.199814
-0.198914
-0.197906
-0.196838
-0.195724
-0.194641
-0.193634
-0.192795
-0.192123
-0.191650
-0.191391
-0.191299
-0.191391
-0.193024
-0.193268
-0.193542
-0.193756
-0.193863
-0.193771
-0.193481
-0.193054
-0.193939
-0.193268
-0.192444
-0.192871
-0.191757
-0.190552
-0.190765
-0.189514
-0.189697
-0.188477
-0.188736
-0.187622
-0.186630
-0.185791
-0.185135
-0.184692
-0.184448
-0.184372
-0.184418
-0.184494
-0.184570
-0.186050
-0.186066
-0.186081
-0.187531
-0.189056
-0.189224
-0.189468
-0.189774
-0.191544
-0.193359
-0.195175
-0.195526
-0.195786
-0.195923
-0.197388
-0.198807
-0.198746
-0.198700
-0.200104
-0.200134
-0.200195
-0.200333
-0.200470
-0.200607
-0.202209
-0.202316
-0.202332
-0.203705
-0.203537
-0.203323
-0.203064
-0.202820
-0.202606
-0.202408
-0.202179
-0.201920
-0.201614
-0.201279
-0.200928
-0.201996
-0.201599
-0.201172
-0.200760
-0.200348
-0.199966
-0.199661
-0.199432
-0.199295
-0.199249
-0.199265
-0.199295
-0.199249
-0.199051
-0.198700
-0.199692
-0.199188
-0.198669
-0.198227
-0.197861
-0.197601
-0.197449
-0.197372
-0.198730
-0.198624
-0.198425
-0.198105
-0.197662
-0.197174
-0.198120
-0.197662
-0.197342
-0.197098
-0.196915
-0.196762
-0.196579
-0.196335
-0.195999
-0.195587
-0.196564
-0.196106
-0.197174
-0.196854
-0.196609
-0.196381
-0.196182
-0.196030
-0.195892
-0.195831
-0.195801
-0.195816
-0.197281
-0.197296
-0.198669
-0.198517
-0.198212
-0.197739
-0.197128
-0.196411
-0.195663
-0.194946
-0.195724
-0.195206
-0.194824
-0.196045
-0.195969
-0.196045
-0.196243
-0.196503
-0.196716
-0.196869
-0.198395
-0.198425
-0.198441
-0.198441
-0.198395
-0.198303
-0.198105
-0.197800
-0.197342
-0.198135
-0.197342
-0.197922
-0.197006
-0.197510
-0.196579
-0.195633
-0.194717
-0.193848
-0.193085
-0.192413
-0.191833
-0.191345
-0.190948
-0.190659
-0.190430
-0.190231
-0.191498
-0.191360
-0.191284
-0.191284
-0.191315
-0.191330
-0.192749
-0.192719
-0.192657
-0.194046
-0.194016
-0.195465
-0.195557
-0.195709
-0.195877
-0.197540
-0.197784
-0.199463
-0.199661
-0.199783
-0.199768
-0.199615
-0.200699
-0.200180
-0.199509
-0.198730
-0.197906
-0.198547
-0.197845
-0.197189
-0.196594
-0.196030
-0.195541
-0.196564
-0.196259
-0.196091
-0.196030
-0.196106
-0.196289
-0.196564
-0.196884
-0.197189
-0.197418
-0.197586
-0.197662
-0.197678
-0.199097
-0.199051
-0.198990
-0.200302
-0.200089
-0.201279
-0.200989
-0.200714
-0.200455
-0.200241
-0.200027
-0.201248
-0.200958
-0.200592
-0.200134
-0.199585
-0.199005
-0.198349
-0.197693
-0.196991
-0.196259
-0.195526
-0.194748
-0.195389
-0.194611
-0.193893
-0.193253
-0.192703
-0.192230
-0.191788
-0.191406
-0.192535
-0.192322
-0.192245
-0.192291
-0.192459
-0.192719
-0.193069
-0.193451
-0.195297
-0.195724
-0.197601
-0.198044
-0.198471
-0.198883
-0.200699
-0.201019
-0.201324
-0.203018
-0.203201
-0.203278
-0.204651
-0.204483
-0.204239
-0.203903
-0.203552
-0.204636
-0.204315
-0.204071
-0.203888
-0.203766
-0.203720
-0.203705
-0.203735
-0.203796
-0.203903
-0.203995
-0.203995
-0.203827
-0.203506
-0.203018
-0.202423
-0.201797
-0.201157
-0.200592
-0.200073
-0.199570
-0.199097
-0.200058
-0.199585
-0.199097
-0.198624
-0.198105
-0.197525
-0.196793
-0.195938
-0.195023
-0.194107
-0.193314
-0.192749
-0.192474
-0.192383
-0.192276
-0.191879
-0.190979
-0.190933
-0.190521
-0.188858
-0.188065
-0.188736
-0.191208
-0.195084
-0.199203
-0.201813
-0.202545
-0.197556
-0.188766
-0.180176
-0.173218
-0.173996
-0.185425
-0.207565
-0.229904
-0.203079
-0.248718
-0.392990
-0.598145
-0.886276
-1.284805
-1.800140
-2.427261
-3.150620
-3.958679
-4.837753
-5.773987
-6.753235
-7.760986
-8.782730
-9.804810
-10.816208
-11.812241
-12.787033
-13.752823
-14.721680
-15.728012
-16.822739
-18.059418
-19.513458
-21.264908
-23.371834
-25.875397
-28.734779
-31.792923
-31.139717
-30.518494
-30.021973
-29.709663
-29.561142
-29.630280
-29.842857
-30.185257
-30.636665
-31.081093
-31.689384
-32.351913
-32.990654
-33.468132
-33.640968
-33.459007
-32.851395
-32.195747
-31.552864
-31.053131
-30.791260
-30.768944
-30.924896
-31.080666
-31.007393
-30.562111
-29.703545
-28.465034
-27.256554
-26.115189
-25.095459
-24.273735
-23.610565
-23.071381
-22.603592
-22.159164
-21.699585
-21.192749
-20.693375
-20.151703
-19.563049
-18.932678
-18.273560
-17.595383
-16.928085
-16.361298
-15.870056
-15.441544
-15.048248
-14.627563
-14.097626
-13.482971
-12.690979
-11.664536
-10.554474
-9.358627
-8.109207
-6.815948
-5.550385
-4.160553
-2.771820
-1.320023
0.193314
1.766953
3.383392
4.915100
6.427094
7.906952
9.355621
10.763000
12.123062
13.426178
14.626999
15.779541
16.894943
17.981995
19.046127
20.094238
21.133286
22.164581
23.168106
24.163055
25.134644
26.063980
26.936264
27.735245
28.427368
29.029724
29.539932
29.951920
30.266464
30.478561
30.574051
30.566589
30.450378
30.220963
29.876175
29.414505
28.838409
28.145538
27.354507
26.481079
25.545517
24.567200
23.567734
22.567032
21.575027
20.601013
19.644592
18.702225
17.769455
16.841660
15.914474
14.983826
14.047714
13.105637
12.158539
11.204895
10.251129
9.302307
8.359375
7.425934
6.505127
5.599564
4.710571
3.836884
2.977539
2.135284
1.298492
0.460632
-0.386627
-1.253662
-2.139603
-3.062149
-4.041733
-5.063812
-6.144531
-7.284897
-8.488312
-9.748779
-11.039566
-12.358368
-13.682922
-14.994904
-16.265289
-17.473175
-18.605408
-19.639267
-20.589828
-21.465225
-22.279572
-23.056511
-23.813438
-24.567192
-25.326492
-26.096954
-26.870636
-27.637253
-28.388725
-29.114685
-29.809280
-30.466255
-31.080917
-31.649521
-32.169022
-32.632629
-33.018959
-33.333847
-33.569275
-33.711639
-33.748375
-33.660103
-33.412064
-32.990776
-32.355659
-31.486542
-30.408920
-29.317673
-28.324928
-27.434052
-26.705261
-25.962410
-25.181229
-24.454994
-23.748558
-23.067055
-22.421074
-21.810730
-21.215317
-20.628784
-20.021835
-19.381363
-18.705750
-17.980667
-17.217072
-16.430573
-15.645828
-14.866043
-14.119339
-13.397324
-12.730698
-12.115250
-11.543808
-11.021667
-10.537903
-10.109253
-9.692352
-9.271545
-8.836594
-8.382721
-7.909302
-7.424667
-6.944214
-6.464844
-5.994659
-5.534973
-5.086411
-4.669540
-4.272568
-3.882782
-3.537659
-3.218430
-2.923889
-2.652283
-2.399734
-2.173416
-1.949829
-1.744705
-1.550446
-1.367752
-1.197693
-1.037918
-0.893112
-0.759140
-0.637421
-0.531921
-0.441589
-0.371231
-0.324875
-0.296829
-0.293762
-0.310272
-0.347519
-0.405487
-0.486069
-0.590607
-0.717545
-0.869949
-1.046539
-1.247391
-1.474503
-1.727203
-2.005310
-2.307327
-2.634750
-2.983047
-3.349426
-3.732239
-4.128372
-4.535324
-4.950729
-5.373077
-5.801895
-6.237015
-6.677780
-7.125793
-7.576950
-8.029449
-8.480682
-8.928802
-9.371277
-9.806274
-10.229752
-10.642151
-11.041855
-11.426575
-11.793076
-12.138992
-12.459106
-12.751083
-13.003250
-13.224823
-13.414444
-13.579422
-13.720139
-13.843430
-13.953674
-14.060333
-14.159836
-14.255539
-14.343216
-14.413269
-14.465973
-14.494843
-14.510986
-14.505524
-14.481293
-14.441803
-14.380829
-14.303284
-14.187180
-14.044525
-13.871841
-13.672897
-13.453384
-13.234360
-13.027969
-12.854797
-12.720749
-12.615067
-12.546356
-12.496353
-12.468674
-12.446442
-12.414749
-12.391083
-12.363510
-12.332047
-12.297852
-12.253021
-12.209625
-12.168793
-12.130493
-12.086304
-12.043259
-12.000626
-11.949417
-11.900650
-11.847366
-11.803406
-11.760010
-11.718842
-11.691208
-11.676056
-11.662506
-11.655273
-11.645172
-11.640015
-11.620514
-11.606064
-11.589966
-11.574509
-11.561249
-11.550629
-11.542175
-11.534805
-11.527344
-11.518890
-11.508881
-11.497009
-11.480957
-11.462051
-11.439606
-11.413132
-11.382904
-11.350357
-11.318527
-11.291702
-11.274796
-11.272079
-11.285919
-11.323807
-11.373230
-11.418900
-11.469925
-11.510864
-11.537750
-11.550247
-11.551117
-11.544891
-11.536270
-11.528870
-11.524582
-11.523666
-11.525223
-11.527802
-11.530106
-11.531357
-11.531387
-11.530441
-11.529053
-11.527740
-11.526825
-11.526413
-11.526428
-11.526672
-11.528870
-11.529083
-11.529053
-11.528763
-11.528336
-11.529785
-11.529434
-11.531082
-11.532913
-11.532928
-11.532928
-11.532898
-11.532776
-11.534561
-11.534470
-11.534332
-11.534180
-11.534027
-11.535828
-11.535843
-11.535843
-11.535843
-11.535812
-11.535736
-11.535629
-11.535477
-11.535278
-11.535034
-11.534744
-11.534409
-11.534042
-11.533646
-11.533234
-11.532837
-11.532440
-11.532043
-11.531662
-11.531311
-11.531006
-11.530746
-11.530533
-11.530380
-11.530258
-11.530151
-11.530029
-11.529892
-11.529694
-11.529480
-11.529221
-11.528915
-11.530487
-11.530212
-11.529861
-11.529465
-11.530975
-11.530655
-11.530319
-11.531921
-11.531708
-11.531509
-11.531311
-11.531143
-11.532944
-11.532959
-11.532974
-11.532974
-11.532974
-11.532928
-11.532867
-11.532791
-11.532700
-11.534515
-11.534470
-11.534317
-11.534058
-11.533676
-11.533173
-11.532593
-11.533936
-11.533447
-11.532974
-11.532532
-11.532104
-11.531723
-11.531357
-11.531036
-11.530777
-11.530548
-11.530380
-11.530273
-11.530212
-11.530212
-11.530243
-11.530273
-11.530304
-11.530273
-11.530182
-11.530014
-11.529755
-11.529465
-11.531067
-11.532791
-11.532700
-11.534531
-11.534531
-11.534500
-11.534424
-11.534317
-11.534180
-11.534042
-11.535858
-11.535858
-11.535858
-11.535858
-11.535858
-11.535858
-11.535858
-11.535858
-11.535858
-11.535858
-11.535858
-11.535843
-11.535812
-11.535736
-11.535629
-11.535477
-11.535324
-11.535156
-11.534988
-11.534836
-11.534683
-11.534576
-11.534470
-11.534393
-11.534348
-11.534302
-11.534241
-11.534134
-11.533981
-11.533768
-11.533524
-11.533234
-11.532944
-11.532639
-11.532333
-11.532043
-11.531754
-11.531464
-11.531204
-11.530991
-11.532761
-11.532761
-11.532776
-11.532852
-11.532928
-11.533020
-11.533112
-11.533173
-11.533203
-11.533173
-11.533066
-11.532898
-11.532654
-11.532379
-11.534042
-11.535843
-11.535812
-11.535736
-11.535629
-11.535477
-11.535324
-11.535156
-11.534988
-11.534836
-11.534683
-11.534576
-11.534470
-11.534393
-11.534332
-11.534317
-11.534302
-11.534317
-11.534332
-11.534378
-11.534409
-11.534470
-11.534500
-11.534531
-11.534531
-11.534500
-11.534424
-11.534317
-11.534180
-11.534042
-11.535858
-11.535858
-11.535858
-11.535858
-11.535858
-11.535858
-11.535858
-11.535858
-11.535858
-11.535858
-11.535858
-11.535858
-11.535858
-11.535858
-11.535858
-11.535858
-11.535858
-11.535858
-11.535858
-11.535858
-11.535843
-11.535812
-11.535736
-11.535629
-11.535477
-11.535324
-11.535156
-11.534988
-11.534836
-11.534683
-11.534576
-11.534470
-11.534393
-11.534332
-11.534317
-11.534302
-11.534317
-11.534332
-11.534378
-11.534409
-11.534470
-11.534500
-11.534531
-11.534531
-11.534500
-11.534424
-11.534317
-11.534180
-11.534042
-11.535858
-11.535858
-11.535858
-11.535858
-11.535858
-11.535858
-11.535858
-11.535858
-11.535858
-11.535858
-11.535858
-11.535858
-11.535858
-11.535858
-11.535858
-11.535858
-11.535843
-11.535812
-11.535736
-11.535614
-11.535446
-11.535202
-11.534927
-11.534576
-11.534164
-11.533707
-11.533218
-11.532669
-11.532120
-11.531540
-11.530975
-11.530441
-11.529953
-11.529541
-11.529205
-11.528946
-11.528763
-11.528656
-11.528610
-11.528595
-11.528595
-11.528595
-11.528549
-11.528488
-11.528366
-11.530151
-11.530060
-11.529892
-11.531601
-11.531418
-11.531189
-11.532822
-11.532608
-11.534317
-11.534180
-11.534042
-11.535858
-11.535843
-11.535812
-11.535736
-11.535629
-11.535477
-11.535324
-11.535156
-11.534943
-11.534714
-11.534454
-11.534195
-11.533951
-11.533691
-11.533478
-11.533295
-11.533142
-11.533020
-11.532944
-11.532913
-11.532898
-11.532867
-11.532822
-11.532745
-11.532639
-11.532486
-11.532288
-11.532059
-11.531815
-11.531555
-11.533234
-11.533112
-11.532959
-11.532791
-11.532593
-11.532379
-11.534073
-11.533966
-11.533844
-11.533707
-11.533600
-11.533478
-11.533371
-11.533234
-11.533112
-11.532959
-11.532806
-11.532639
-11.532501
-11.534317
-11.534332
-11.534378
-11.534409
-11.534470
-11.534500
-11.534531
-11.534531
-11.534500
-11.534424
-11.534302
-11.534134
-11.533920
-11.535629
-11.535477
-11.535324
-11.535156
-11.534988
-11.534836
-11.534683
-11.534576
-11.534470
-11.534393
-11.534332
-11.534317
-11.534302
-11.534317
-11.534332
-11.534378
-11.534409
-11.534439
-11.534454
-11.534409
-11.534302
-11.534119
-11.533890
-11.533630
-11.533325
-11.533020
-11.534683
-11.534576
-11.534470
-11.534393
-11.534332
-11.534317
-11.534302
-11.534317
-11.534332
-11.534378
-11.534409
-11.534409
-11.534378
-11.534302
-11.534149
-11.533920
-11.533600
-11.533218
-11.532791
-11.532349
-11.533875
-11.533600
-11.533371
-11.533173
-11.533020
-11.532913
-11.532852
-11.532822
-11.532822
-11.532867
-11.532913
-11.532974
-11.533035
-11.533081
-11.533112
-11.533066
-11.532990
-11.532852
-11.532639
-11.534302
-11.534088
-11.533813
-11.533524
-11.535156
-11.534988
-11.534836
-11.534683
-11.534576
-11.534470
-11.534393
-11.534332
-11.534317
-11.534302
-11.534317
-11.534332
-11.534363
-11.534363
-11.534348
-11.534271
-11.534164
-11.533997
-11.533783
-11.533539
-11.533279
-11.533020
-11.532776
-11.534515
-11.534439
-11.534348
-11.534210
-11.534027
-11.533798
-11.533539
-11.533295
-11.533096
-11.532959
-11.532852
-11.532715
-11.532501
-11.532120
-11.531570
-11.530930
-11.530319
-11.529984
-11.532013
-11.532745
-11.533829
-11.534943
-11.535583
-11.535263
-11.533752
-11.531265
-11.528580
-11.526917
-11.527496
-11.530945
-11.538467
-11.536026
-11.554993
-11.613083
-11.706085
-11.853516
-12.078293
-12.396667
-12.816360
-13.337021
-13.950882
-14.643478
-15.395370
-16.184341
-16.987717
-17.784042
-18.554123
-19.281357
-19.951935
-20.555435
-21.086823
-21.550858
-21.968948
-22.385689
-22.870872
-23.514740
-24.419624
-25.691460
-27.423508
-29.651649
-32.292671
-31.860886
-31.479782
-31.242645
-31.222336
-31.428459
-31.828651
-32.362053
-32.973061
-33.527359
-33.883957
-33.952858
-33.725014
-33.262688
-32.659424
-32.023788
-31.466522
-31.036003
-30.775085
-30.685089
-30.750725
-30.976776
-31.304535
-31.662361
-31.987480
-32.193810
-32.214432
-32.064636
-31.733414
-31.262550
-30.693138
-29.981583
-29.361191
-28.781075
-28.238327
-27.701569
-27.197281
-26.660164
-26.070229
-25.417244
-24.694633
-23.971146
-23.238228
-22.423447
-21.717987
-21.067520
-20.463882
-19.956482
-19.465424
-18.886932
-18.282501
-17.517563
-16.744888
-15.919754
-15.140198
-14.370148
-13.607605
-12.819305
-11.977463
-11.047485
-10.083054
-9.014847
-7.833908
-6.545685
-5.144730
-3.642990
-2.111572
-0.487762
1.214279
2.991287
4.822723
6.694382
8.576492
10.448639
12.232376
13.994568
15.730194
17.447571
19.151978
20.852402
22.552002
24.220306
25.890381
27.547195
29.178070
30.775253
32.334930
33.833374
35.289017
36.681519
37.980072
39.163223
40.217453
41.117981
41.895035
42.553589
43.103531
43.549103
43.896835
44.156860
44.334213
44.429459
44.449356
44.391327
44.247101
44.007614
43.662354
43.210907
42.653152
41.992828
41.235229
40.387527
39.457779
38.452286
37.375610
36.228973
35.016235
33.743607
32.420349
31.061859
29.684647
28.311356
26.958008
25.639664
24.366837
23.145538
21.977966
20.861252
19.792587
18.768188
17.786209
16.843735
15.940033
15.073761
14.252823
13.471954
12.728806
12.019196
11.339249
10.683914
10.056976
9.445023
8.843979
8.249344
7.660553
7.074707
6.493866
5.919083
5.353333
4.807312
4.273941
3.753342
3.246445
2.750534
2.274796
1.809189
1.355591
0.912827
0.481903
0.065628
-0.330276
-0.721191
-1.096512
-1.461548
-1.816238
-2.169220
-2.530228
-2.892456
-3.264771
-3.648560
-4.042923
-4.445236
-4.848846
-5.259491
-5.673401
-6.089935
-6.513184
-6.944641
-7.390793
-7.852173
-8.327927
-8.818710
-9.320831
-9.827423
-10.332947
-10.832031
-11.318710
-11.789413
-12.246140
-12.683945
-13.105621
-13.511795
-13.901825
-14.271744
-14.616791
-14.939087
-15.230820
-15.489532
-15.713715
-15.903244
-16.051697
-16.167618
-16.248550
-16.297211
-16.303986
-16.265259
-16.168869
-16.005798
-15.776886
-15.492416
-15.155319
-14.791290
-14.419708
-14.069107
-13.759537
-13.478043
-13.216660
-12.961380
-12.708984
-12.439789
-12.158081
-11.856171
-11.528427
-11.187485
-10.843063
-10.491776
-10.142914
-9.790924
-9.439438
-9.083206
-8.718948
-8.346313
-7.968033
-7.587799
-7.205154
-6.826126
-6.448715
-6.073883
-5.700272
-5.336395
-4.974396
-4.612732
-4.250610
-3.886108
-3.520157
-3.158737
-2.794952
-2.439316
-2.091156
-1.750885
-1.420349
-1.103012
-0.798386
-0.509842
-0.243896
0.003845
0.231766
0.439148
0.629395
0.798279
0.951874
1.095688
1.228867
1.354965
1.475525
1.590225
1.702438
1.812363
1.915344
2.016418
2.115829
2.211639
2.308090
2.403946
2.500671
2.598740
2.699539
2.802277
2.903076
3.001083
3.094131
3.178833
3.253891
3.320969
3.383560
3.443329
3.505753
3.569092
3.633392
3.699066
3.761215
3.820877
3.875320
3.923874
3.965454
4.000641
4.031525
4.055283
4.072937
4.086929
4.092911
4.090988
4.084290
4.072647
4.054977
4.031845
4.004288
3.970062
3.927200
3.874268
3.811920
3.740005
3.659378
3.575027
3.487534
3.398285
3.308731
3.217209
3.122345
3.021118
2.915359
2.803970
2.687012
2.568634
2.448685
2.327393
2.204727
2.081680
1.958160
1.833893
1.711945
1.595657
1.485458
1.383667
1.291611
1.206131
1.128876
1.057831
0.991333
0.931854
0.877869
0.828949
0.784042
0.741653
0.699722
0.657623
0.611389
0.562012
0.509979
0.456711
0.402649
0.350708
0.300354
0.252792
0.207306
0.161591
0.114716
0.066025
0.015091
-0.037949
-0.093048
-0.151291
-0.209854
-0.271210
-0.334930
-0.399567
-0.466064
-0.532852
-0.600754
-0.669128
-0.735901
-0.801880
-0.865158
-0.925507
-0.982819
-1.037048
-1.086456
-1.133026
-1.175095
-1.210831
-1.240295
-1.264740
-1.285156
-1.301102
-1.315414
-1.327988
-1.342499
-1.356964
-1.371277
-1.386047
-1.399918
-1.411331
-1.418945
-1.420975
-1.418427
-1.413467
-1.407181
-1.400085
-1.394440
-1.391510
-1.389191
-1.387314
-1.385757
-1.383209
-1.378494
-1.370834
-1.359085
-1.344666
-1.328354
-1.311188
-1.294342
-1.278122
-1.264679
-1.254715
-1.248383
-1.245193
-1.244125
-1.243546
-1.242325
-1.237167
-1.228775
-1.218628
-1.205704
-1.190872
-1.174973
-1.158493
-1.141571
-1.123978
-1.105179
-1.083984
-1.063202
-1.042252
-1.022751
-1.006531
-0.995331
-0.990280
-0.991745
-0.999222
-1.011551
-1.027176
-1.044418
-1.063354
-1.081375
-1.097702
-1.111984
-1.124008
-1.135223
-1.143326
-1.149506
-1.153961
-1.158325
-1.161057
-1.160553
-1.159668
-1.156799
-1.152023
-1.146515
-1.138153
-1.129822
-1.122910
-1.116348
-1.112808
-1.111481
-1.112152
-1.114349
-1.115936
-1.119278
-1.122406
-1.125092
-1.127289
-1.129150
-1.129333
-1.129471
-1.129654
-1.131363
-1.133102
-1.133316
-1.133469
-1.133560
-1.133621
-1.133682
-1.133820
-1.133987
-1.134201
-1.134445
-1.134674
-1.134872
-1.135010
-1.135117
-1.135223
-1.135376
-1.135590
-1.135864
-1.134659
-1.134964
-1.135223
-1.135422
-1.135544
-1.135605
-1.135605
-1.135529
-1.135422
-1.135269
-1.135086
-1.134918
-1.134750
-1.134598
-1.132950
-1.132828
-1.132690
-1.132553
-1.132416
-1.132294
-1.132172
-1.132080
-1.132019
-1.131989
-1.130447
-1.130447
-1.130447
-1.130447
-1.130447
-1.130447
-1.130447
-1.130447
-1.130447
-1.130447
-1.130447
-1.130447
-1.130447
-1.130447
-1.130447
-1.130447
-1.130447
-1.130447
-1.130447
-1.130447
-1.130447
-1.130447
-1.130447
-1.130447
-1.130447
-1.130447
-1.130447
-1.130447
-1.130447
-1.130447
-1.130447
-1.130447
-1.130447
-1.130447
-1.130447
-1.130447
-1.130447
-1.130447
-1.130447
-1.130447
-1.130447
-1.130447
-1.130447
-1.130447
-1.130447
-1.130447
-1.130447
-1.130447
-1.130447
-1.130447
-1.130447
-1.130447
-1.130447
-1.130447
-1.130447
-1.130447
-1.130447
-1.130447
-1.130447
-1.130447
-1.130447
-1.130447
-1.130447
-1.130478
-1.130569
-1.130753
-1.131027
-1.131378
-1.131744
-1.132141
-1.132492
-1.132797
-1.133041
-1.133240
-1.133362
-1.133423
-1.133453
-1.133423
-1.133362
-1.133286
-1.133209
-1.133194
-1.133255
-1.133392
-1.133606
-1.133850
-1.134094
-1.134338
-1.134537
-1.134674
-1.134811
-1.135010
-1.133728
-1.134018
-1.134338
-1.134659
-1.134964
-1.135223
-1.135422
-1.135544
-1.135605
-1.135605
-1.135529
-1.135422
-1.135269
-1.135086
-1.134918
-1.134750
-1.134598
-1.132950
-1.132828
-1.132690
-1.132553
-1.132416
-1.132294
-1.132172
-1.132080
-1.132019
-1.132095
-1.130753
-1.131027
-1.131378
-1.131744
-1.132141
-1.132492
-1.132797
-1.133041
-1.133240
-1.133362
-1.133423
-1.133453
-1.133423
-1.133362
-1.133286
-1.133194
-1.133072
-1.132950
-1.132828
-1.132690
-1.132553
-1.132416
-1.132294
-1.132172
-1.132080
-1.132019
-1.131989
-1.130447
-1.130447
-1.130447
-1.130447
-1.130447
-1.130447
-1.130447
-1.130447
-1.130447
-1.130447
-1.130447
-1.130447
-1.130447
-1.130447
-1.130447
-1.130447
-1.130447
-1.130447
-1.130447
-1.130447
-1.130447
-1.130447
-1.130447
-1.130447
-1.130447
-1.130447
-1.130447
-1.130447
-1.130447
-1.130447
-1.130447
-1.130447
-1.130447
-1.130447
-1.130447
-1.130447
-1.130447
-1.130447
-1.130447
-1.130447
-1.130447
-1.130447
-1.130447
-1.130447
-1.130447
-1.130447
-1.130447
-1.130447
-1.130447
-1.130447
-1.130447
-1.130447
-1.130447
-1.130447
-1.130447
-1.130447
-1.130447
-1.130447
-1.130447
-1.130447
-1.130447
-1.130447
-1.130447
-1.130447
-1.130447
-1.130447
-1.130447
-1.130447
-1.130447
-1.130447
-1.130447
-1.130447
-1.130447
-1.130447
-1.130447
-1.130447
-1.130447
-1.130447
-1.130447
-1.130447
-1.130447
-1.130447
-1.130447
-1.130447
-1.130447
-1.130447
-1.130447
-1.130447
-1.130447
-1.130447
-1.130447
-1.130447
-1.130478
-1.130569
-1.130753
-1.131027
-1.131378
-1.131744
-1.132141
-1.132492
-1.132797
-1.133041
-1.133240
-1.133362
-1.133423
-1.133453
-1.133423
-1.133362
-1.133286
-1.133194
-1.133072
-1.132950
-1.132828
-1.132675
-1.132568
-1.132538
-1.132599
-1.132767
-1.132996
-1.133316
-1.133652
-1.132492
-1.132797
-1.133041
-1.133240
-1.133362
-1.133423
-1.133453
-1.133423
-1.133362
-1.133286
-1.133194
-1.133072
-1.132950
-1.132828
-1.132690
-1.132553
-1.132416
-1.132294
-1.132172
-1.132095
-1.132019
-1.131989
-1.130447
-1.130447
-1.130447
-1.130447
-1.130447
-1.130447
-1.130447
-1.130447
-1.130447
-1.130447
-1.130447
-1.130447
-1.130447
-1.130447
-1.130447
-1.130447
-1.130447
-1.130447
-1.130463
-1.130463
-1.130463
-1.130447
-1.130447
-1.130432
-1.130432
-1.130432
-1.130432
-1.130463
-1.130493
-1.130508
-1.130524
-1.130493
-1.130447
-1.130371
-1.130295
-1.130280
-1.130325
-1.130447
-1.130630
-1.130814
-1.130920
-1.130844
-1.130554
-1.130081
-1.129593
-1.129257
-1.129349
-1.129990
-1.131134
-1.132462
-1.133438
-1.133469
-1.132111
-1.129395
-1.125977
-1.123169
-1.122543
-1.125305
-1.131638
-1.139999
-1.147232
-1.149216
-1.142609
-1.127106
-1.107742
-1.142471
-1.166138
-1.142563
-1.062088
-0.916550
-0.709824
-0.449127
-0.140244
0.214294
0.615494
1.067017
1.575165
2.147812
2.793335
3.519485
4.331467
5.230057
6.209183
7.254974
8.346664
9.459457
10.568237
11.649445
12.679565
13.638611
14.531464
15.436630
16.567429
18.297516
21.076157
20.884430
20.925766
21.225266
21.907806
22.856766
23.821167
24.841614
25.742828
26.462967
27.058762
27.432388
27.731567
27.976974
28.214798
28.471939
28.751114
29.046036
29.304977
29.483398
29.551559
29.488815
29.291138
28.997498
28.618073
28.173447
27.671402
27.093964
26.435242
25.666641
24.813538
23.850815
22.800522
21.681000
20.520782
19.337173
18.136261
16.965942
15.800995
14.630066
13.432312
12.180847
10.860367
9.435455
7.974258
6.411041
4.720337
2.874832
0.823959
-1.447601
-3.848785
-6.440033
-9.170624
-11.949112
-14.681183
-17.300735
-19.741684
-21.886734
-23.940437
-25.753731
-27.488152
-29.227905
-31.065247
-33.072075
-35.260948
-37.650208
-40.147751
-42.627151
-44.984146
-47.172325
-49.184540
-51.027580
-52.708466
-54.230209
-55.590477
-56.787308
-57.835831
-58.735481
-59.502014
-60.139084
-60.646751
-61.021896
-61.266426
-61.380013
-61.350647
-61.185425
-60.859283
-60.340569
-59.577850
-58.601646
-57.524841
-56.358543
-55.038162
-53.377586
-51.577316
-49.972145
-48.582230
-47.390518
-46.044724
-44.232628
-41.585197
-37.416962
-32.946663
-28.825813
-25.310112
-22.793282
-20.821976
-19.212616
-17.841248
-16.657776
-15.583618
-14.577515
-13.624130
-12.721161
-11.844162
-11.044083
-10.193405
-9.368683
-8.508957
-7.609406
-6.668091
-5.696228
-4.708618
-3.740814
-2.783188
-1.844559
-0.931961
-0.056900
0.747421
1.500137
2.195114
2.827911
3.391098
3.884033
4.312408
4.683853
5.004791
5.272629
5.511261
5.725876
5.920303
6.098907
6.263550
6.420441
6.565994
6.712296
6.858093
7.006989
7.157990
7.307739
7.447281
7.583649
7.706680
7.815811
7.911102
7.992569
8.056061
8.097458
8.117264
8.111328
8.073380
7.996216
7.873077
7.697617
7.465805
7.180038
6.839325
6.448105
6.009125
5.526871
5.010132
4.464539
3.901367
3.328369
2.756165
2.194000
1.647232
1.120804
0.614731
0.128723
-0.344070
-0.808014
-1.269638
-1.732880
-2.198166
-2.664261
-3.128952
-3.585632
-4.030136
-4.452454
-4.855194
-5.240540
-5.615295
-5.983215
-6.352600
-6.731750
-7.127350
-7.534332
-7.965347
-8.419220
-8.902328
-9.417648
-9.972046
-10.567139
-11.211960
-11.906311
-12.642395
-13.410049
-14.191879
-14.977859
-15.754593
-16.526505
-17.291748
-18.060333
-18.829865
-19.604218
-20.378784
-21.142136
-21.881714
-22.590889
-23.262009
-23.887764
-24.455956
-24.968513
-25.420975
-25.803650
-26.109863
-26.326515
-26.433571
-26.421516
-26.236786
-25.906021
-25.384987
-24.707291
-23.911758
-23.086357
-22.316566
-21.733597
-21.269455
-20.868484
-20.479797
-20.035294
-19.570435
-19.111542
-18.666382
-18.252975
-17.875290
-17.523529
-17.180328
-16.827454
-16.440903
-16.018982
-15.568329
-15.100357
-14.628799
-14.160858
-13.701050
-13.252350
-12.813843
-12.388306
-11.973007
-11.569656
-11.193604
-10.845322
-10.526443
-10.240677
-9.987244
-9.765503
-9.565826
-9.395874
-9.230576
-9.062927
-8.880569
-8.689117
-8.487259
-8.283478
-8.080872
-7.892334
-7.719849
-7.567719
-7.440872
-7.340591
-7.273544
-7.230316
-7.207230
-7.198685
-7.202393
-7.213043
-7.224945
-7.240677
-7.261627
-7.283936
-7.311615
-7.343597
-7.383377
-7.429581
-7.487564
-7.553970
-7.628143
-7.704681
-7.782211
-7.856506
-7.922867
-7.983063
-8.040161
-8.099106
-8.166321
-8.246857
-8.339539
-8.440659
-8.548355
-8.657913
-8.764725
-8.870544
-8.965942
-9.052322
-9.128387
-9.197556
-9.264923
-9.326248
-9.384171
-9.436371
-9.485092
-9.524612
-9.560425
-9.583313
-9.592987
-9.596558
-9.596954
-9.592575
-9.586060
-9.589157
-9.603653
-9.622574
-9.646667
-9.672791
-9.689880
-9.702225
-9.705826
-9.702347
-9.700241
-9.692505
-9.677765
-9.660141
-9.637802
-9.611267
-9.581833
-9.549606
-9.526794
-9.507675
-9.493469
-9.484207
-9.478806
-9.475586
-9.472885
-9.469421
-9.464615
-9.458511
-9.451569
-9.444427
-9.443390
-9.442810
-9.442703
-9.443008
-9.443497
-9.444016
-9.444443
-9.444748
-9.444977
-9.445190
-9.445465
-9.445847
-9.446350
-9.446899
-9.447479
-9.448013
-9.448471
-9.448822
-9.449066
-9.449219
-9.449310
-9.449326
-9.449310
-9.449280
-9.449219
-9.449158
-9.449097
-9.449036
-9.449005
-9.449020
-9.449051
-9.449142
-9.447250
-9.447327
-9.447433
-9.445557
-9.445618
-9.445709
-9.443848
-9.443939
-9.444092
-9.444351
-9.444702
-9.445160
-9.445709
-9.446304
-9.446899
-9.447479
-9.447983
-9.448425
-9.448792
-9.449081
-9.449326
-9.449539
-9.449722
-9.449921
-9.450134
-9.450378
-9.450638
-9.450928
-9.451218
-9.451508
-9.451813
-9.452118
-9.452393
-9.452682
-9.450958
-9.451141
-9.451294
-9.449448
-9.447479
-9.447418
-9.447372
-9.447296
-9.447266
-9.447235
-9.447235
-9.447266
-9.447327
-9.447403
-9.445511
-9.445557
-9.445633
-9.445694
-9.443771
-9.443771
-9.443771
-9.443771
-9.443771
-9.443771
-9.443771
-9.443771
-9.443771
-9.443771
-9.443787
-9.443832
-9.443939
-9.444092
-9.444260
-9.444473
-9.444687
-9.444901
-9.445114
-9.445358
-9.445633
-9.446014
-9.446472
-9.447006
-9.447601
-9.448242
-9.448914
-9.449615
-9.450348
-9.451096
-9.451797
-9.452469
-9.453049
-9.453568
-9.453979
-9.454315
-9.454559
-9.454727
-9.454819
-9.452866
-9.452789
-9.452728
-9.452652
-9.452621
-9.452621
-9.452682
-9.452759
-9.450912
-9.449020
-9.449097
-9.447220
-9.447296
-9.447418
-9.447556
-9.445694
-9.443771
-9.443771
-9.443771
-9.443771
-9.443771
-9.443771
-9.443771
-9.443771
-9.443771
-9.443771
-9.443771
-9.443771
-9.443787
-9.443832
-9.443939
-9.444092
-9.444260
-9.444473
-9.444687
-9.444901
-9.445099
-9.445267
-9.445419
-9.445526
-9.445602
-9.445648
-9.445679
-9.445755
-9.445831
-9.445953
-9.446106
-9.446274
-9.446442
-9.446640
-9.446808
-9.446960
-9.447113
-9.447266
-9.447388
-9.447510
-9.447601
-9.445679
-9.445663
-9.445633
-9.445602
-9.445572
-9.445526
-9.445496
-9.445465
-9.445465
-9.445480
-9.445511
-9.445557
-9.445633
-9.445694
-9.443771
-9.443771
-9.443771
-9.443771
-9.443771
-9.443771
-9.443771
-9.443771
-9.443771
-9.443771
-9.443771
-9.443771
-9.443771
-9.443771
-9.443771
-9.443771
-9.443771
-9.443771
-9.443771
-9.443771
-9.443771
-9.443771
-9.443771
-9.443771
-9.443771
-9.443771
-9.443771
-9.443771
-9.443771
-9.443771
-9.443771
-9.443771
-9.443771
-9.443771
-9.443771
-9.443771
-9.443771
-9.443771
-9.443771
-9.443771
-9.443771
-9.443771
-9.443771
-9.443771
-9.443771
-9.443787
-9.443832
-9.443939
-9.444092
-9.444260
-9.444473
-9.444687
-9.444901
-9.445099
-9.445267
-9.445419
-9.445526
-9.445602
-9.445648
-9.445679
-9.445679
-9.445663
-9.445633
-9.445602
-9.445572
-9.445526
-9.445496
-9.445465
-9.445465
-9.445480
-9.445511
-9.445557
-9.445633
-9.445694
-9.443771
-9.443771
-9.443771
-9.443771
-9.443771
-9.443771
-9.443771
-9.443771
-9.443771
-9.443771
-9.443771
-9.443771
-9.443771
-9.443771
-9.443771
-9.443771
-9.443787
-9.443832
-9.443939
-9.444092
-9.444260
-9.444473
-9.444687
-9.444901
-9.445099
-9.445267
-9.445419
-9.445526
-9.445602
-9.445648
-9.445679
-9.445679
-9.445663
-9.445633
-9.445602
-9.445572
-9.445526
-9.445496
-9.445465
-9.445465
-9.445480
-9.445511
-9.445557
-9.445633
-9.445694
-9.443771
-9.443771
-9.443771
-9.443771
-9.443771
-9.443771
-9.443771
-9.443771
-9.443771
-9.443771
-9.443771
-9.443771
-9.443771
-9.443771
-9.443771
-9.443771
-9.443771
-9.443787
-9.443832
-9.443939
-9.444092
-9.444260
-9.444473
-9.444687
-9.444901
-9.445099
-9.445267
-9.445419
-9.445526
-9.445602
-9.445648
-9.445679
-9.445679
-9.445663
-9.445633
-9.445602
-9.445572
-9.445526
-9.445496
-9.445465
-9.445465
-9.445480
-9.445511
-9.445557
-9.445633
-9.445694
-9.443771
-9.443771
-9.443771
-9.443771
-9.443771
-9.443771
-9.443771
-9.443771
-9.443771
-9.443771
-9.443771
-9.443771
-9.443771
-9.443771
-9.443771
-9.443771
-9.443771
-9.443771
-9.443771
-9.443771
-9.443771
-9.443771
-9.443771
-9.443771
-9.443771
-9.443771
-9.443771
-9.443771
-9.443771
-9.443771
-9.443771
-9.443771
-9.443771
-9.443771
-9.443771
-9.443771
-9.443771
-9.443771
-9.443771
-9.443771
-9.443771
-9.443771
-9.443771
-9.443771
-9.443771
-9.443771
-9.443771
-9.443771
-9.443771
-9.443771
-9.443771
-9.443771
-9.443771
-9.443771
-9.443771
-9.443771
-9.443787
-9.443832
-9.443939
-9.444092
-9.444260
-9.444473
-9.444687
-9.444916
-9.445160
-9.445435
-9.445724
-9.446014
-9.446304
-9.446564
-9.446823
-9.447083
-9.447327
-9.447586
-9.447845
-9.448105
-9.448334
-9.448532
-9.448700
-9.448853
-9.448990
-9.449097
-9.449188
-9.449280
-9.449387
-9.447540
-9.447662
-9.447845
-9.448044
-9.448273
-9.448517
-9.448746
-9.446976
-9.447113
-9.447220
-9.447342
-9.447433
-9.447525
-9.447617
-9.445724
-9.445801
-9.445923
-9.446060
-9.446228
-9.446411
-9.446609
-9.446808
-9.446976
-9.447159
-9.447311
-9.447449
-9.447556
-9.445663
-9.445663
-9.445663
-9.445663
-9.445633
-9.445618
-9.445572
-9.445511
-9.445450
-9.445389
-9.445358
-9.445404
-9.445511
-9.445663
-9.445877
-9.444046
-9.444061
-9.443954
-9.443726
-9.443390
-9.443085
-9.442978
-9.443192
-9.443756
-9.444595
-9.445419
-9.445831
-9.445465
-9.444168
-9.442108
-9.439941
-9.438629
-9.439178
-9.442184
-9.447281
-9.452988
-9.456863
-9.456253
-9.449524
-9.437714
-9.435364
-9.395935
-9.321198
-9.218735
-9.080170
-8.903656
-8.691223
-8.444382
-8.162796
-7.844437
-7.485886
-7.082443
-6.627502
-6.111877
-5.522766
-4.843246
-4.052994
-3.130341
-2.056366
-0.818268
0.592484
2.155014
3.846680
5.622086
7.386658
9.061676
10.623260
12.209595
14.183746
17.074997
16.715576
16.545410
16.672409
17.104660
17.759872
18.666733
19.637543
20.582916
21.470016
22.283905
23.054626
23.779785
24.545837
25.291458
25.987747
26.584274
27.042709
27.383942
27.548538
27.601929
27.543549
27.398911
27.197266
26.962250
26.722778
26.481827
26.192490
25.880096
25.504898
25.040405
24.464447
23.747879
22.923691
21.972931
20.915131
19.775497
18.576370
17.390427
16.151367
14.946640
13.743317
12.533768
11.292740
10.005249
8.699051
7.308273
5.733658
4.066742
2.215973
0.150955
-2.032715
-4.528000
-7.087677
-9.740204
-12.404236
-14.991180
-17.434296
-19.563217
-21.484955
-23.205009
-24.735016
-26.113739
-27.366249
-28.522881
-29.565239
-30.552544
-31.483833
-32.363434
-33.197601
-34.003899
-34.816193
-35.647491
-36.499352
-37.355484
-38.186340
-38.960838
-39.653656
-40.244522
-40.722801
-41.078773
-41.309776
-41.416779
-41.414734
-41.333206
-41.183365
-41.054947
-40.988480
-40.975731
-40.925308
-40.684830
-40.115814
-39.124191
-37.764130
-36.161362
-34.453163
-32.646996
-30.715363
-28.830414
-27.022934
-25.351639
-23.840561
-22.489479
-21.294266
-20.240540
-19.351761
-18.570435
-17.873917
-17.244720
-16.644531
-16.041412
-15.444229
-14.798965
-14.102356
-13.371338
-12.613251
-11.841141
-11.067719
-10.322296
-9.589020
-8.866943
-8.148636
-7.431625
-6.741425
-6.047852
-5.358856
-4.672165
-3.994064
-3.322464
-2.656967
-2.018646
-1.383789
-0.742126
-0.122665
0.482452
1.073563
1.625153
2.159821
2.641891
3.083618
3.484711
3.845627
4.171753
4.453537
4.718201
4.942505
5.134399
5.293930
5.420654
5.516449
5.582245
5.629562
5.665741
5.698944
5.735580
5.778473
5.830963
5.892685
5.962662
6.035797
6.109772
6.178253
6.240768
6.292709
6.339218
6.381119
6.420517
6.460693
6.500366
6.539459
6.576111
6.606781
6.630676
6.645187
6.650620
6.647476
6.638931
6.629257
6.617050
6.607880
6.602036
6.601074
6.602325
6.605148
6.607010
6.606384
6.604553
6.599106
6.589890
6.577545
6.563934
6.553299
6.546921
6.548721
6.558197
6.576294
6.599167
6.625076
6.648956
6.669632
6.684265
6.694458
6.700699
6.701630
6.697510
6.684982
6.658569
6.610229
6.534882
6.426910
6.282532
6.100128
5.878860
5.622726
5.335358
5.020020
4.683090
4.328491
3.960358
3.585434
3.208633
2.833389
2.462875
2.098953
1.742508
1.393890
1.053253
0.720856
0.397217
0.083130
-0.218918
-0.510651
-0.793594
-1.065903
-1.331131
-1.590042
-1.840530
-2.082428
-2.315048
-2.530045
-2.729294
-2.910690
-3.073517
-3.214172
-3.334595
-3.426865
-3.497757
-3.548798
-3.579437
-3.593063
-3.594147
-3.584976
-3.569580
-3.550186
-3.531479
-3.513123
-3.497330
-3.482025
-3.468567
-3.455063
-3.442322
-3.430542
-3.423004
-3.420441
-3.422943
-3.429855
-3.439621
-3.451416
-3.463013
-3.472733
-3.479095
-3.480942
-3.476730
-3.465698
-3.447861
-3.423431
-3.392227
-3.359100
-3.322891
-3.288284
-3.253098
-3.218658
-3.183243
-3.145020
-3.101105
-3.048172
-2.983932
-2.906250
-2.814041
-2.707047
-2.587479
-2.458145
-2.322540
-2.184219
-2.046127
-1.909637
-1.776581
-1.646988
-1.520126
-1.394913
-1.270355
-1.146255
-1.021942
-0.898193
-0.776947
-0.659683
-0.548859
-0.444489
-0.349243
-0.265549
-0.192337
-0.129562
-0.076477
-0.031601
0.005508
0.035370
0.062347
0.087173
0.108856
0.128510
0.144791
0.157806
0.170944
0.182129
0.193329
0.205139
0.220001
0.235672
0.251343
0.266098
0.279419
0.292877
0.307037
0.321579
0.338669
0.358551
0.378235
0.399506
0.421005
0.439789
0.455811
0.466461
0.472366
0.473663
0.471268
0.465485
0.460175
0.456223
0.456802
0.462677
0.473602
0.486969
0.502304
0.517456
0.529068
0.537247
0.540024
0.538895
0.534546
0.528015
0.517731
0.507584
0.498459
0.491013
0.485626
0.482254
0.480377
0.479187
0.477676
0.475006
0.470459
0.461258
0.450302
0.439285
0.425659
0.410706
0.395538
0.377243
0.357224
0.335861
0.313950
0.293930
0.275497
0.258179
0.243561
0.232590
0.222870
0.213318
0.202957
0.192581
0.179749
0.167908
0.156494
0.146255
0.138885
0.132828
0.127426
0.121658
0.115891
0.107803
0.096924
0.084793
0.070816
0.056412
0.043365
0.033463
0.028854
0.029770
0.034058
0.040405
0.045853
0.051727
0.055664
0.057297
0.056839
0.054901
0.052216
0.049423
0.048447
0.046692
0.045609
0.046524
0.047760
0.048965
0.049774
0.049911
0.049149
0.047653
0.045746
0.044037
0.043320
0.044144
0.046906
0.052612
0.059280
0.066147
0.072510
0.077927
0.082336
0.086014
0.089294
0.092621
0.094818
0.097412
0.100311
0.103394
0.107880
0.110809
0.113571
0.116196
0.118820
0.121597
0.124573
0.127823
0.131256
0.134766
0.138290
0.141739
0.143646
0.146759
0.148270
0.149597
0.150787
0.153366
0.154587
0.155945
0.157425
0.158981
0.160492
0.161850
0.162949
0.163742
0.164169
0.164246
0.164001
0.163513
0.162842
0.160660
0.158432
0.156143
0.153809
0.152893
0.150558
0.149643
0.148788
0.146576
0.145828
0.145142
0.143158
0.142715
0.140976
0.139374
0.137848
0.136398
0.134964
0.134964
0.134964
0.134964
0.134964
0.134964
0.134964
0.134964
0.134964
0.134964
0.134964
0.134964
0.134964
0.134964
0.134979
0.134949
0.134857
0.134659
0.134354
0.134003
0.133606
0.133209
0.132858
0.132523
0.132172
0.131790
0.131393
0.130966
0.130569
0.130219
0.129929
0.129715
0.129562
0.129532
0.129547
0.129639
0.129776
0.129959
0.130173
0.130402
0.130646
0.130875
0.131073
0.131256
0.132828
0.132965
0.133102
0.133209
0.133240
0.133148
0.132919
0.132584
0.133606
0.133209
0.132858
0.132538
0.132294
0.132111
0.132004
0.131927
0.131927
0.131989
0.132050
0.132141
0.132263
0.132401
0.132538
0.132675
0.132828
0.132965
0.133102
0.133240
0.133362
0.133453
0.133514
0.133560
0.134964
0.134964
0.134964
0.134964
0.134964
0.134964
0.134964
0.134964
0.134964
0.134964
0.134964
0.134964
0.134964
0.134964
0.134964
0.134964
0.134964
0.134964
0.134964
0.134964
0.134964
0.134964
0.134964
0.134964
0.134964
0.134964
0.134964
0.134964
0.134964
0.134964
0.134964
0.134979
0.134949
0.134857
0.134659
0.134354
0.134003
0.133606
0.133209
0.132858
0.132523
0.132172
0.131805
0.131378
0.130859
0.130264
0.129608
0.128967
0.128357
0.127823
0.127411
0.127121
0.126953
0.126907
0.126968
0.127136
0.127365
0.127640
0.127945
0.128250
0.128555
0.130234
0.130524
0.130783
0.130966
0.131042
0.130981
0.130814
0.130569
0.131699
0.131409
0.131119
0.132294
0.132111
0.132004
0.131943
0.131912
0.131851
0.131729
0.131531
0.131302
0.131042
0.130768
0.130554
0.130371
0.130157
0.129929
0.129639
0.129349
0.129044
0.128769
0.128510
0.129715
0.129562
0.129532
0.129547
0.129639
0.129776
0.129959
0.130173
0.130402
0.130646
0.130875
0.131073
0.131256
0.132828
0.132965
0.133102
0.133240
0.133362
0.133438
0.133408
0.133240
0.134354
0.134018
0.133591
0.133102
0.132538
0.131927
0.131317
0.130753
0.130234
0.129822
0.129517
0.129257
0.129074
0.128860
0.128616
0.128387
0.128174
0.127991
0.127869
0.127823
0.127838
0.127930
0.128067
0.128265
0.128479
0.128693
0.130295
0.130539
0.130753
0.130951
0.131104
0.132675
0.132828
0.132965
0.133102
0.133240
0.133362
0.133453
0.133514
0.133560
0.134964
0.134964
0.134964
0.134964
0.134964
0.134964
0.134964
0.134964
0.134964
0.134964
0.134964
0.134964
0.134964
0.134964
0.134964
0.134964
0.134964
0.134964
0.134964
0.134964
0.134964
0.134964
0.134964
0.134964
0.134964
0.134964
0.134964
0.134964
0.134964
0.134979
0.134949
0.134857
0.134659
0.134354
0.134003
0.133606
0.133209
0.132858
0.132538
0.132294
0.132111
0.132004
0.131927
0.131927
0.131989
0.132050
0.132156
0.132248
0.132263
0.132217
0.132065
0.131851
0.131607
0.131363
0.131119
0.130920
0.130768
0.130661
0.130569
0.131927
0.131927
0.131989
0.132050
0.132141
0.132263
0.132401
0.132538
0.132675
0.132828
0.132965
0.133102
0.133240
0.133362
0.133453
0.133514
0.133560
0.134964
0.134964
0.134964
0.134964
0.134964
0.134964
0.134964
0.134964
0.134964
0.134964
0.134964
0.134964
0.134964
0.134964
0.134964
0.134964
0.134964
0.134964
0.134964
0.134964
0.134964
0.134964
0.134964
0.134964
0.134964
0.134964
0.134964
0.134964
0.134964
0.134964
0.134979
0.134949
0.134857
0.134659
0.134354
0.134003
0.133606
0.133209
0.132858
0.132553
0.132263
0.131989
0.131683
0.131332
0.130966
0.130630
0.130295
0.130035
0.129822
0.129715
0.129654
0.129700
0.129776
0.129929
0.130112
0.130295
0.130539
0.130753
0.130951
0.131104
0.132675
0.132828
0.132965
0.133102
0.133240
0.133362
0.133453
0.133514
0.133560
0.134964
0.134964
0.134964
0.134964
0.134964
0.134964
0.134964
0.134964
0.134964
0.134964
0.134964
0.134964
0.134964
0.134964
0.134964
0.134964
0.134964
0.134964
0.134964
0.134964
0.134964
0.134964
0.134964
0.134964
0.134964
0.134964
0.134964
0.134964
0.134964
0.134964
0.134964
0.134964
0.134964
0.134964
0.134979
0.134949
0.134857
0.134659
0.134354
0.134003
0.133606
0.133209
0.132858
0.132538
0.132294
0.132111
0.132004
0.131927
0.131927
0.131989
0.132050
0.132141
0.132263
0.132401
0.132538
0.132675
0.132828
0.132965
0.133102
0.133240
0.133362
0.133453
0.133514
0.133560
0.134964
0.134964
0.134964
0.134964
0.134964
0.134964
0.134964
0.134964
0.134964
0.134964
0.134964
0.134964
0.134964
0.134964
0.134964
0.134964
0.134979
0.134949
0.134857
0.134659
0.134354
0.134003
0.133606
0.133209
0.132858
0.132538
0.132294
0.132111
0.132004
0.131927
0.131927
0.131989
0.132050
0.132141
0.132263
0.132401
0.132538
0.132675
0.132828
0.132965
0.133102
0.133240
0.133362
0.133453
0.133514
0.133560
0.134964
0.134964
0.134964
0.134964
0.134964
0.134964
0.134964
0.134964
0.134964
0.134964
0.134964
0.134964
0.134964
0.134964
0.134964
0.134979
0.134964
0.134842
0.134537
0.134064
0.133392
0.132645
0.131851
0.131104
0.130432
0.129852
0.129288
0.128693
0.128036
0.127335
0.126602
0.125946
0.125351
0.124878
0.124557
0.124405
0.124390
0.124496
0.124725
0.125046
0.125443
0.125870
0.126297
0.126709
0.127090
0.128815
0.130524
0.130798
0.131088
0.131363
0.131622
0.131836
0.132004
0.132111
0.133545
0.134857
0.134659
0.134354
0.134003
0.133621
0.133194
0.132736
0.132217
0.131683
0.131149
0.130646
0.130173
0.129822
0.129532
0.129349
0.129288
0.129288
0.129349
0.129501
0.129669
0.129883
0.130142
0.130386
0.130661
0.130905
0.131165
0.131378
0.131546
0.133102
0.133240
0.133362
0.133453
0.133514
0.133560
0.134964
0.134964
0.134964
0.134964
0.134964
0.134964
0.134964
0.134964
0.134964
0.134964
0.134979
0.134949
0.134857
0.134659
0.134354
0.134003
0.133606
0.133209
0.132858
0.132538
0.132294
0.132111
0.132004
0.131927
0.131943
0.131958
0.131927
0.131821
0.131668
0.131424
0.131180
0.130905
0.130692
0.130539
0.130402
0.130371
0.130371
0.130402
0.130478
0.130554
0.132050
0.132141
0.132263
0.132401
0.132538
0.132675
0.132828
0.132965
0.133102
0.133240
0.133362
0.133453
0.133514
0.133575
0.134964
0.134842
0.134537
0.134064
0.133392
0.132645
0.131851
0.131104
0.130432
0.129852
0.129425
0.129120
0.128967
0.128891
0.128937
0.129044
0.129211
0.129425
0.129669
0.129944
0.130234
0.130524
0.130798
0.131088
0.131363
0.131622
0.131836
0.132004
0.132111
0.133560
0.134964
0.134964
0.134964
0.134964
0.134964
0.134964
0.134964
